#NEXUS[written Thu May 26 03:51:22 CDT 2022 by Mesquite  version 3.70 (build 940) at Xico/10.10.121.23]
BEGIN TREES;
[! Trees from source: 'Simulated Trees (Tree simulator: Equiprobable Trees. [seed: 1653555063408])']
	TRANSLATE
		1	'00-3076',
		2	'00-3076.2',
		3	103,
		4	103.2,
		5	118U1,
		6	13KWH46,
		7	13TMH22,
		8	190,
		9	201609,
		10	201609.2,
		11	222,
		12	222.2,
		13	28Eco12,
		14	28Eco12.2,
		15	'2_0',
		16	'4_0',
		17	50579417,
		18	50579417.2,
		19	52148,
		20	55989,
		21	5CRE51,
		22	81009,
		23	'ARL09_232',
		24	'ATCC_700415',
		25	'BH100L_MG2017',
		26	'BH100N_MG2017',
		27	'BH100_MG2014',
		28	'BH100_MG2017',
		29	'BR02-DEC',
		30	'BR03-DEC',
		31	'BR07-DEC',
		32	'BR10-DEC',
		33	'BR12-DEC',
		34	'BR14-DEC',
		35	'BR25-DEC',
		36	'BR29-DEC',
		37	'BR32-DEC',
		38	'BR43-DEC',
		39	'BR64-DEC',
		40	CFT073,
		41	'CH611_eco',
		42	CHL5009T,
		43	CLSC36,
		44	CLSC36.2,
		45	CRE1,
		46	'CREC-532',
		47	'CREC-629',
		48	'Combat11_9',
		49	Combat13F7,
		50	Combat2C1,
		51	E24377A,
		52	EC1515,
		53	EC1515.2,
		54	EC1,
		55	EC1.2,
		56	EC2,
		57	EC25,
		58	EC28,
		59	EC590,
		60	EC931,
		61	EC974,
		62	EC974.2,
		63	ECONC427,
		64	EDL933,
		65	EDL933.2,
		66	EcPF14,
		67	EcPF15,
		68	EcPF16,
		69	EcPF18,
		70	EcPF20,
		71	EcPF40,
		72	EcPF5,
		73	EcPF7,
		74	EcPNK004,
		75	EcPNK006,
		76	EcPNK006.2,
		77	F11,
		78	'FDAARGOS_144',
		79	'FDAARGOS_448',
		80	'FDAARGOS_448.2',
		81	'K56-43-un',
		82	M160133,
		83	MG655,
		84	MG655.2,
		85	MS6198,
		86	MS6198.2,
		87	MS7163,
		88	'MSHS_133',
		89	'MSHS_472',
		90	'MSHS_472.2',
		91	NU14,
		92	PK5074,
		93	PK5074.2,
		94	RM12579,
		95	S65EC,
		96	SA186,
		97	'SCAID-URN1-2019',
		98	ST410,
		99	ST410.2,
		100	Sakai,
		101	Sakai.2,
		102	Survcare253,
		103	Survcare253.2,
		104	Survcare321,
		105	Survcare321.2,
		106	'THO-008',
		107	'THO-008.2',
		108	'THO-010',
		109	'THO-010.2',
		110	'THO-015',
		111	U12A,
		112	U13A,
		113	U14A,
		114	U15A,
		115	'UPEC-774U_190308',
		116	'UPEC-245U_190328',
		117	'UPEC-455U_19220',
		118	UPEC129,
		119	'UPEC_26-1',
		120	'UPEC_U013',
		121	UPEC132,
		122	UTI89,
		123	VR50,
		124	W60,
		125	XH990,
		126	XH990.2,
		127	XH992,
		128	XH992.2,
		129	XH993,
		130	XH993.2,
		131	Y5,
		132	YD786,
		133	'uk_P46212';
	TREE Tree_#_1_simulated_by_Equiprobable_Trees = (((((((((((((((((((((((((((((((1,110),68),115),(38,30)),63),(73,57)),64),95),78),71),86),((((81,88),125),121),((39,47),23))),((((((14,50),(89,62)),((91,(108,(127,93))),((37,41),19))),55),59),(34,(74,(((((42,(133,(99,66))),(77,((98,126),52))),85),132),2))))),((92,107),6)),(22,(124,(((17,112),(105,48)),((101,113),(67,8)))))),76),10),(103,((21,24),(7,(((((27,((118,131),((96,106),44))),(120,(36,((45,((111,130),90)),(102,(40,32)))))),((51,65),49)),33),((16,104),(109,3))))))),60),84),((((26,116),46),128),(15,(18,((56,129),(69,((((((((12,80),79),75),25),54),(117,20)),(97,(61,(83,58)))),5))))))),53),72),(119,(43,(31,((35,123),(70,11)))))),13),94),100),4),(29,(114,9))),(87,(122,82))),28);
	TREE Tree_#_2_simulated_by_Equiprobable_Trees = ((((((((((((((((((1,(118,42)),(55,((29,111),((((15,((52,73),(87,(((93,129),130),49)))),33),91),(64,(95,(114,((((((((((7,40),(72,(124,((27,68),(((18,43),76),8))))),25),(110,30)),66),45),81),(12,10)),(108,84)),(131,(88,(83,(125,(17,(133,(74,(((80,122),123),(((11,(116,(119,((102,109),(104,90))))),14),3))))))))))))))))),(((98,120),113),(((24,(101,(94,34))),128),(((22,82),36),20)))),97),106),44),41),(67,48)),(63,((((((16,38),75),117),103),107),(61,(((28,(121,53)),100),13))))),(69,50)),(47,((((19,86),35),79),(23,(((((31,60),126),89),132),((5,(65,21)),(26,4))))))),115),70),57),(99,(56,46))),(62,32)),((9,((71,127),(105,59))),(96,6))),(85,(((37,77),39),((58,92),(78,((51,(112,54)),2))))));
	TREE Tree_#_3_simulated_by_Equiprobable_Trees = (((((((((((((((((((((((((((1,78),(((66,90),108),45)),123),(77,(73,33))),3),((129,133),(91,27))),19),(87,(26,(54,(((((14,(95,61)),40),131),(76,(127,((65,(100,88)),35)))),(126,((74,116),(96,(((42,107),114),(((48,124),85),(118,((44,67),(104,7))))))))))))),21),109),(28,(47,(30,(29,24))))),((59,79),41)),(112,92)),10),15),93),56),(38,2)),(((((13,(117,32)),(60,20)),(83,(94,(101,81)))),62),((34,86),(55,(128,(22,((53,80),((((((((5,72),(119,(11,((9,(111,(105,68))),((17,(115,(50,43))),(((37,58),39),(25,(16,6)))))))),51),89),(122,((70,121),(97,(71,57))))),(63,18)),((75,99),(36,(132,(((69,110),103),23))))),((106,120),((31,130),4)))))))))),52),(64,(46,12))),(125,8)),(113,98)),82),102),84),49);
	TREE Tree_#_4_simulated_by_Equiprobable_Trees = ((((((((((((((((((1,67),(((22,(113,33)),(110,42)),(63,((8,(79,14)),((10,(122,50)),((((((12,(54,47)),((81,120),(71,(38,(133,((55,131),((((32,74),(129,104)),126),24))))))),123),61),58),(37,3))))))),34),(75,(68,(51,31)))),92),(29,((11,94),(70,9)))),(105,(60,((52,130),((6,90),(((((((16,(27,19)),(132,(96,59))),40),21),(((65,103),98),(97,(115,39)))),84),(117,(((82,(124,114)),107),(((((((((7,(118,(100,87))),35),93),(66,(83,(76,44)))),(77,(119,(95,(125,((((43,109),106),(91,56)),(85,(127,(64,((45,111),26)))))))))),73),(72,30)),(53,(69,(108,13)))),(86,(36,4))))))))))),(49,48)),(23,18)),(57,(25,15))),46),116),80),78),88),(121,((20,89),(99,(28,5))))),(128,(101,62))),(41,(112,((17,102),2))));
	TREE Tree_#_5_simulated_by_Equiprobable_Trees = (((1,(((25,(92,44)),64),(53,(12,((67,(133,122)),((((32,104),107),79),((54,124),(75,(28,(10,4)))))))))),9),(66,((11,96),(97,(61,((101,127),(17,((49,132),(45,((93,(129,117)),(3,(48,(14,(78,(33,(((31,(100,89)),(77,(126,(95,58)))),(((((47,72),(128,(116,85))),(99,50)),55),(102,((5,106),(((((((((15,18),74),131),43),120),(105,73)),30),62),(88,(16,(60,((((8,(113,46)),21),112),((68,121),(((((19,71),87),35),(111,82)),(41,(80,(108,(115,(52,((((20,(84,76)),86),40),(((((6,(70,36)),(((59,90),65),(57,((83,98),((22,110),13))))),(125,(56,26))),(34,(123,(103,7)))),((((((((((23,42),24),114),38),63),27),119),29),51),(((((((37,109),(94,81)),39),130),91),(118,69)),2)))))))))))))))))))))))))))))))))));
	TREE Tree_#_6_simulated_by_Equiprobable_Trees = ((((((((((((((((((((((((((((((((((((((((((1,84),(130,117)),107),49),129),56),(78,((22,112),14))),(85,30)),(39,(72,(126,(61,(77,(86,((109,110),19)))))))),(51,(50,(131,((98,121),(31,10)))))),21),53),(59,(82,24))),33),9),124),(((((20,127),108),60),106),(((18,(104,67)),40),((64,65),(89,15))))),(96,(118,73))),45),(42,8)),(81,47)),80),34),79),(102,(17,((23,46),16)))),(12,(71,5))),122),(119,52)),90),94),76),120),((6,91),((32,38),(105,((35,(58,(57,36))),(48,(99,(103,(((3,((44,115),(75,7))),11),((((4,125),93),87),(128,((((((13,54),114),133),25),74),(68,(((88,101),116),(62,2))))))))))))))),37),111),(83,(((55,69),(132,100)),(113,43)))),95),(123,28)),92),26),(((((29,97),63),66),70),27)),41);
	TREE Tree_#_7_simulated_by_Equiprobable_Trees = ((((((((((((((((((((((((1,52),(122,(((12,64),82),((32,(80,38)),(111,(112,(((((21,31),(132,108)),93),56),(45,(((33,37),47),(117,4)))))))))),62),(74,(58,(75,13)))),((14,(67,28)),9)),(54,((59,107),(66,(10,(50,(40,((26,46),7)))))))),(77,34)),95),(125,114)),92),5),68),24),127),((119,130),100)),(((((((6,123),76),128),36),85),109),(53,(48,(((8,84),131),(((((((((((((11,((35,44),(((41,98),(102,70)),(18,17)))),57),97),(81,(103,15))),104),((120,129),(72,63))),42),79),(43,(90,(49,25)))),60),(94,87)),(61,27)),3)))))),(91,39)),105),(126,86)),((96,106),(121,((71,88),((((65,99),(133,118)),89),22))))),((((((((16,30),(29,((83,110),23))),115),(116,(78,(124,20)))),113),69),101),2)),19),55),(73,51));
	TREE Tree_#_8_simulated_by_Equiprobable_Trees = (((((((((((((((((((1,65),(((26,49),116),(106,(98,(123,(127,24)))))),(((7,81),(94,53)),(50,(92,(((((((((8,124),28),((93,100),(27,(56,(32,(126,(69,25))))))),(88,86)),122),44),73),104),(78,6)))))),(((((((21,105),(((82,129),117),(59,52))),108),67),111),84),(37,((((((4,((16,(119,(112,101))),(14,((46,132),10)))),(57,22)),107),(121,115)),99),((41,114),(113,((40,77),(74,(23,3))))))))),103),5),(35,19)),83),(38,((61,(75,70)),(63,(71,((54,58),18)))))),((118,120),90)),(36,29)),((62,79),15)),80),102),((96,(133,128)),(13,((42,109),((76,131),(31,(((17,39),47),(((66,89),91),((((11,72),((51,68),(55,(20,12)))),34),2))))))))),(((30,110),85),(48,(130,9)))),(((43,95),(97,(87,45))),33)),125),(64,60));
	TREE Tree_#_9_simulated_by_Equiprobable_Trees = ((((((((((1,((55,73),(5,((101,118),((6,(((33,84),78),25)),(77,((((((((((((18,45),35),64),119),89),(102,((((((49,131),111),117),54),125),(40,(74,22))))),(85,76)),99),48),28),97),(127,((3,91),((70,((129,133),88)),(13,(((((15,103),110),123),93),((32,115),((((((((((4,107),9),(30,16)),((((65,90),87),121),(98,((122,128),12)))),11),23),(66,27)),81),8),(31,((69,130),((67,68),((26,104),((79,80),(14,((29,(106,56)),(86,((((((17,124),(108,(59,21))),(132,61)),(94,20)),51),(47,(71,(112,((37,82),(43,(114,((41,75),(((38,((57,100),50)),(60,(92,44))),((((((10,(52,39)),113),46),72),(58,(63,34))),((42,95),2))))))))))))))))))))))))))))))))),62),105),120),116),126),(83,19)),((24,109),7)),53),(96,36));
	TREE Tree_#_10_simulated_by_Equiprobable_Trees = ((((((((((((((((((((((((((((1,69),(46,(83,((111,114),(82,(121,(29,(28,(((((6,27),108),15),((((90,112),97),103),74)),((((((13,(54,(62,((38,53),((22,(113,((73,109),41))),(55,(40,20))))))),21),131),95),110),(107,4))))))))))),((7,116),(34,(32,(44,(85,(126,(51,(65,(35,(80,((11,99),5)))))))))))),125),92),18),(91,(66,(57,56)))),(123,42)),9),63),17),26),37),((31,59),((25,89),(60,((((24,75),77),((64,119),(39,33))),(132,((19,102),8))))))),16),(61,10)),(105,((88,124),14))),128),(117,(133,(52,(115,45))))),104),(49,(130,(36,(93,((58,(87,(84,78))),3)))))),118),(71,(76,((((((((12,(98,94)),129),(86,23)),122),96),(120,(70,(72,30)))),67),(81,((43,48),((68,106),(50,2)))))))),127),79),100),101),47);
	TREE Tree_#_11_simulated_by_Equiprobable_Trees = (((((1,(88,(59,13))),((((6,100),105),98),((54,71),(45,(49,(((((46,107),118),(113,67)),70),(((15,25),(39,36)),(((43,130),108),(33,((((((((((((((((((((((3,106),(64,5)),(42,((((((12,(104,(132,78))),19),(82,(129,30))),(123,(76,68))),50),(62,(80,10))))),21),(81,(38,(99,(75,26))))),93),101),58),((111,128),52)),102),84),60),(79,9)),103),92),(91,44)),(22,18)),115),40),((110,121),(96,73))),125),((((((((((4,24),(41,(((16,31),29),(17,(94,(122,14)))))),89),56),83),(66,57)),117),119),(77,(116,32))),(37,((47,127),((((34,85),(97,(95,86))),69),(28,((((7,23),(120,114)),112),2)))))))))))))))),(90,20)),((((((((((11,51),131),126),(61,53)),(63,48)),87),55),(133,35)),(124,(74,27))),(109,(72,8)))),65);
	TREE Tree_#_12_simulated_by_Equiprobable_Trees = (((((((((((1,124),(((((((((5,92),33),(106,27)),53),44),55),105),77),(133,((34,(94,((42,96),(93,39)))),((((((((((((((((((3,127),73),68),111),91),119),25),128),(78,((32,41),22))),132),(86,(62,(((51,((98,104),(114,83))),84),(79,48))))),(109,61)),(131,126)),29),(60,(35,8))),((24,(123,(45,(101,(69,37))))),4)),(74,(130,((54,76),(82,(38,(64,(89,20)))))))),(56,(26,(((19,((75,(120,(118,80))),52)),108),(11,(((((((7,(49,18)),(113,15)),63),100),117),85),2)))))))))),102),(122,9)),16),59),97),(31,((36,(110,57)),28))),(116,((21,87),(30,(67,(17,(65,((23,43),(115,((71,72),(58,(14,((((13,90),125),66),(95,(((12,(112,40)),(81,((99,107),(88,47)))),((((10,70),103),46),6)))))))))))))))),(129,50)),121);
	TREE Tree_#_13_simulated_by_Equiprobable_Trees = (((((((((((((((1,(125,(132,(49,(28,(37,((((56,118),133),96),(105,(39,((3,98),(((((((12,78),(24,(46,(124,((54,103),15))))),32),((43,109),34)),(((83,93),(120,106)),33)),(107,(111,(68,55)))),(116,((18,73),((13,(((71,80),117),(23,(108,(27,(82,17)))))),(((((40,92),89),67),(126,45)),2))))))))))))))),59),(84,35)),95),60),112),72),(87,(119,(52,(62,(65,48)))))),(63,((21,123),((30,((75,127),42)),((70,79),(104,(16,((25,97),(10,(((36,100),(77,61)),(74,(110,(81,((((41,90),((85,121),(131,57))),113),(29,(38,((91,128),5))))))))))))))))),114),129),(99,31)),(122,(44,(66,(88,(19,((50,102),(((7,9),((86,101),(47,22))),((((6,((64,115),(130,53))),76),(94,51)),4))))))))),(69,11)),(((14,(58,26)),20),8));
	TREE Tree_#_14_simulated_by_Equiprobable_Trees = ((((((((((((1,(57,54)),7),73),(119,(103,91))),40),(17,(77,(39,(22,(127,(116,((((5,49),44),58),(9,(86,(117,(95,(((((8,80),43),114),12),((((21,(78,(107,56))),38),(123,110)),((((((((((((6,(69,24)),112),131),82),90),(((94,126),133),(128,83))),(((72,102),85),20)),(120,106)),((89,99),45)),25),59),(53,(((3,(66,(47,((74,(108,97)),33)))),(52,(35,(32,((27,105),(98,16)))))),((29,67),(125,(((((((((((((4,((76,111),13)),96),65),(121,118)),122),62),(60,48)),(71,((37,46),23))),(68,19)),(113,64)),(36,(109,(42,14)))),(34,(132,((41,100),(115,10))))),((11,(124,(129,79))),(((51,84),101),(81,(28,2)))))))))))))))))))))))),(50,15)),((((55,61),75),63),(((((87,93),104),130),88),30))),(92,31)),26),70),18);
	TREE Tree_#_15_simulated_by_Equiprobable_Trees = ((((((((((1,112),((76,79),64)),46),117),111),22),(74,((81,((93,130),89)),(((((((((((((((6,39),17),(14,12)),127),119),(21,(25,(37,11)))),106),132),67),71),((77,133),((101,126),(78,((((49,54),53),68),(124,32)))))),(63,10)),(57,(65,(59,((18,((87,108),58)),(29,(131,7))))))),(((62,91),107),((((80,121),116),118),(41,((60,92),(((((30,103),36),85),(70,51)),(38,(86,((23,125),16))))))))),((((((3,109),(5,(19,(47,(115,(82,(((13,43),42),((33,84),(50,(((((26,69),102),105),(123,75)),(((98,113),100),(28,4)))))))))))),(99,95)),110),90),(24,(96,(15,((((8,(52,20)),(73,35)),61),2))))))))),(122,114)),((40,48),(((((31,55),(83,(45,44))),88),(129,56)),9))),((94,104),(120,(128,(72,(34,(66,(97,27))))))));
	TREE Tree_#_16_simulated_by_Equiprobable_Trees = (((((((((((((((((((((((((((((((((((((((1,127),17),(75,34)),(118,(133,30))),(104,((((49,71),87),93),((56,58),31)))),(128,(79,((15,27),11)))),86),83),110),102),25),51),21),(115,82)),35),((74,103),6)),45),111),5),101),80),8),(43,(52,37))),97),(84,67)),(125,(107,61))),(36,14)),38),(132,(69,(81,2)))),94),(7,(90,(((((((9,105),((48,((88,(109,89)),62)),(64,46))),(26,(28,(65,24)))),(119,(120,29))),112),(98,(((108,122),124),((16,(130,32)),12)))),(77,(((55,95),70),((((13,((41,76),40)),((123,131),(99,((47,121),(92,(73,((((39,66),126),(113,91)),((54,117),22)))))))),96),3))))))),44),(85,78)),(72,((106,116),50))),53),129),(((((19,57),33),((68,100),20)),59),(((10,60),(63,23)),(114,4)))),18),42);
	TREE Tree_#_17_simulated_by_Equiprobable_Trees = (((((((((((((((((((1,(113,13)),20),(55,5)),(115,43)),((54,59),(98,(49,(102,(87,(72,((31,68),(10,(61,((32,41),(117,(92,7))))))))))))),75),78),((((108,132),110),122),(129,(((84,107),(124,100)),((4,(58,(70,((40,(128,118)),(26,(17,(((33,71),93),(((57,67),81),(65,((60,104),((62,119),(23,((((21,48),44),91),((((37,42),64),63),((90,114),(76,((97,106),(29,((73,86),(125,(82,(131,(46,(((35,79),116),(74,16))))))))))))))))))))))))),2))))),(99,19)),(56,(38,34))),((47,123),((25,89),8))),18),(15,((50,52),(24,((27,(66,39)),14))))),127),83),3),88),111),((30,96),(11,((53,101),(109,(80,(105,((((69,120),95),77),(126,(121,(12,(22,((9,(94,(((36,(133,103)),((85,130),51)),28))),(112,(45,6)))))))))))))));
	TREE Tree_#_18_simulated_by_Equiprobable_Trees = ((((((((((((((((((1,103),48),42),16),130),110),(60,(83,(99,50)))),57),(52,(81,10))),108),(35,(87,19))),(86,68)),88),(((23,109),(66,61)),(25,(62,((37,63),((((((((((((((((((((3,((((((12,24),(((30,34),115),(101,(46,(117,18))))),58),126),93),(41,((((13,(100,32)),28),105),((96,123),6))))),((90,(122,98)),84)),124),43),39),(128,(53,(((11,71),49),(26,(69,(((5,120),(91,78)),((67,73),((55,72),(121,((40,(111,74)),(127,(97,((15,17),(38,4))))))))))))))),31),89),(112,(102,(82,21)))),77),((95,(129,118)),7)),104),75),114),29),(133,(76,14))),(33,(113,((107,125),27)))),(80,51)),65),(116,(45,(((((((20,56),79),92),119),(131,64)),(70,(54,(59,47)))),(132,((22,44),(85,2)))))))))))),36),(106,8)),9),94);
	TREE Tree_#_19_simulated_by_Equiprobable_Trees = ((((((((1,(75,(((41,(101,84)),99),(92,(47,(130,(94,30))))))),(85,79)),((70,(133,91)),51)),(74,(83,(14,((126,132),(23,(35,(117,(((21,27),49),(5,(66,3))))))))))),((104,127),(116,56))),129),(64,(80,(93,(42,(125,(46,(((24,(43,31)),103),(114,(128,(12,(((((6,76),(((22,111),78),15)),26),(59,(((((((((10,113),73),95),(90,65)),124),(61,(45,37))),(38,((81,(110,89)),29))),28),(68,((((((11,112),34),120),(102,16)),(77,(40,(62,(54,(107,(121,(96,13)))))))),(106,9)))))),(20,((44,97),(69,(25,(109,(115,(57,(((48,58),122),((8,((((52,82),98),(88,72)),33)),(118,(87,((63,131),(67,(19,(119,(36,((7,(108,60)),((((18,(123,(86,32))),71),(((50,105),(55,(100,53))),39)),(4,2))))))))))))))))))))))))))))))),17);
	TREE Tree_#_20_simulated_by_Equiprobable_Trees = ((((((((((((((((((((1,45),(85,17)),((((72,101),132),76),(79,(75,((((((((((((((((((((((((5,120),8),30),(109,87)),(((34,114),100),13)),39),19),(((24,112),67),(((((((20,122),50),(117,36)),125),93),106),(131,(((40,118),59),11))))),(97,(71,(44,(57,((54,(105,90)),29)))))),113),(98,(82,16))),(26,18)),23),(55,((65,133),14))),121),22),51),12),35),(((70,115),(108,88)),31)),(104,(41,9))),58),66),(((3,27),(95,28)),(((((33,(94,77)),124),(((((60,(129,(110,86))),68),92),103),(127,(126,(80,56))))),63),((99,102),((6,((64,119),42)),2))))))))),84),((62,130),((74,83),32))),((91,96),43)),(37,21)),(((53,61),81),((38,78),(46,15)))),25),128),10),47),7),49),(111,69)),107),4),(123,116)),((73,89),48)),52);
	TREE Tree_#_21_simulated_by_Equiprobable_Trees = (((((((((((((((((((((1,(9,(124,((54,93),((25,(119,(100,41))),(((33,39),123),(96,(55,6)))))))),8),52),(105,3)),(21,((((((((13,79),((76,130),30)),(92,80)),83),(115,78)),104),107),5))),((((19,126),(61,43)),46),(28,16))),(81,27)),11),36),(112,37)),120),(75,(87,70))),(99,58)),40),(69,48)),((((((((((10,68),(74,(106,(73,((((59,108),86),133),(110,(91,(18,((60,129),(117,(127,12))))))))))),122),(125,34)),((45,95),17)),(((42,71),121),32)),63),97),(65,(116,14))),(53,(77,(49,((22,128),(56,(94,(((((20,(((88,132),103),35)),24),(98,(89,(102,38)))),29),((47,109),2)))))))))),26),4),(31,(23,((44,((((((62,((101,131),85)),113),111),118),66),((51,82),((90,114),(57,50))))),(72,(15,(67,7))))))),64),84);
	TREE Tree_#_22_simulated_by_Equiprobable_Trees = (((((((((((((((((((((((((1,(133,53)),61),72),125),(93,67)),(98,((49,(121,100)),37))),124),(78,((((((3,21),(28,(7,(45,(127,(70,(126,(120,(((((6,20),(132,107)),(73,(88,((84,118),(((55,110),74),17))))),(130,24)),((5,(90,((((42,43),117),92),25))),(116,4))))))))))),(85,79)),76),(48,(((15,46),89),9))),(109,((18,(66,(113,(82,(31,23))))),(94,((((12,87),(19,16)),(60,(63,33))),(((11,71),(77,(83,(99,(105,47))))),2)))))))),(80,(57,44))),131),((39,56),(35,(101,14)))),96),38),(119,75)),29),(129,(112,(58,(54,40))))),22),(128,(97,((86,103),((81,114),(68,(115,(51,(122,27))))))))),36),64),((13,(104,62)),(108,(65,((26,95),(52,(10,(((32,111),34),8)))))))),(50,(102,(69,(59,(123,41)))))),30),106),91);
	TREE Tree_#_23_simulated_by_Equiprobable_Trees = (((((((((((1,((9,((36,97),(121,35))),((((18,(59,(81,50))),75),48),(71,(100,((((78,84),92),107),(79,(83,6)))))))),(105,(((32,45),132),(13,10)))),(65,(106,(31,((115,123),(40,24)))))),53),((((((((((((((((((((((((((((3,8),(86,((((((29,49),110),47),(113,80)),(130,(70,63))),26))),51),(((25,108),33),(98,4))),122),(17,(21,(111,(38,11))))),93),(54,((60,66),16))),91),58),5),(103,(90,(46,(20,(120,(64,14))))))),37),118),82),117),68),43),(104,67)),(109,(89,(101,61)))),15),73),((((28,114),112),129),(42,(88,7)))),((74,85),(124,12))),22),(119,((62,94),(56,27)))),96),2)),((72,77),57)),23),128),(87,(((44,125),126),(133,41)))),(99,(52,(39,(131,((((((30,(102,76)),127),55),95),(69,34)),19)))))),116);
	TREE Tree_#_24_simulated_by_Equiprobable_Trees = (((((((((((((((((((((1,(80,((13,((83,97),38)),(61,(((100,124),101),9))))),36),(7,(50,(((((10,(93,88)),22),99),((102,108),(129,(103,95)))),(((59,114),128),(((8,25),41),(71,(((((((((((((12,(74,23)),54),(((30,31),66),(130,(60,((33,86),15))))),(69,18)),116),90),(127,126)),(91,89)),17),(58,45)),(53,46)),107),(21,((35,(112,109)),3)))))))))),82),132),19),87),65),(((((32,(70,(72,48))),96),(62,57)),(111,(106,(115,55)))),29)),((75,105),(79,(63,((((((20,(78,26)),68),(44,(122,(((42,47),131),(94,34))))),(56,((40,110),(((39,76),84),24)))),73),6))))),125),51),((52,92),(((49,120),117),(((16,(119,64)),121),(43,(123,((37,104),(113,(85,14))))))))),(67,11)),28),81),27),118),(133,(5,4))),(98,77)),2);
	TREE Tree_#_25_simulated_by_Equiprobable_Trees = ((((((((((((((((((((((1,61),124),12),127),((77,(109,80)),((68,70),53))),(112,85)),27),(110,(114,69))),3),(93,(101,(95,(9,(105,(87,((18,40),((76,104),((83,84),(39,(((20,(120,(116,43))),(100,71)),(72,((82,123),(44,((35,(59,(103,36))),((23,(30,28)),(41,8)))))))))))))))))),(99,((13,(52,(42,(49,(130,33))))),(((10,(122,79)),(102,51)),(106,(89,((47,91),(81,(((24,73),65),(17,((((((((5,(119,31)),96),6),25),57),32),(97,78)),4))))))))))),(62,((54,128),26))),(90,(((((11,(55,((50,111),(58,((((22,(((74,115),126),(117,34))),48),56),(37,(107,(21,(129,(46,(94,(60,(15,(113,14)))))))))))))),(45,(63,(66,38)))),16),118),(19,2)))),133),(64,(132,(125,((67,131),29))))),75),121),(88,86)),7),108),92),98);
	TREE Tree_#_26_simulated_by_Equiprobable_Trees = ((((((((((((((((((((((1,38),65),91),(93,53)),(34,((((((43,72),(133,(123,111))),54),122),110),((96,128),29)))),(18,((((((21,31),(((63,((101,124),73)),107),((52,64),41))),70),126),105),((48,108),(125,(50,((27,87),(7,(71,((57,62),3)))))))))),19),(74,(30,(112,10)))),(((((((15,106),(78,(((51,94),114),(85,28)))),47),(119,75)),((23,(103,(83,33))),((39,68),22))),17),(42,(((11,(67,37)),92),(88,(16,(97,(((8,(86,35)),84),(36,5))))))))),26),49),44),4),((24,127),(60,(98,(102,((82,120),(6,(130,(90,(((((12,116),76),20),(56,(99,(121,(131,25))))),(46,((45,(129,89)),2)))))))))))),61),(55,(58,(109,(113,32))))),(115,(69,9))),40),132),(117,104)),((77,79),(((14,(80,(95,66))),59),13))),(118,(100,81)));
	TREE Tree_#_27_simulated_by_Equiprobable_Trees = ((((((((((((((1,(127,31)),106),(84,(((((42,49),93),83),110),(44,(((21,(101,(96,59))),119),(117,((((57,(133,128)),121),(82,(111,69))),14))))))),66),(((78,92),80),46)),((64,112),(6,3))),(88,9)),((43,(102,52)),8)),(15,(104,(26,13)))),2),(39,28)),98),(89,(((53,(115,60)),81),(25,(99,(132,(32,((73,109),(((29,100),79),(72,(105,(((((18,118),(103,(126,19))),(54,(86,(45,(((((47,125),97),75),91),(61,23)))))),37),(65,((90,95),(40,(74,(68,(124,12)))))))))))))))))),(((((((11,62),131),30),77),122),17),(87,((10,33),((5,(94,22)),(((24,63),(107,76)),((7,58),((16,((51,56),(113,(36,34)))),(38,((((((20,114),(50,(55,(71,35)))),(123,(70,((116,129),48)))),108),(130,67)),(85,(41,(27,(120,4))))))))))))));
	TREE Tree_#_28_simulated_by_Equiprobable_Trees = ((((((((((((((((((((((((((1,(77,((((11,38),31),14),(70,(99,((32,(101,(106,76))),7)))))),(46,((((54,(88,59)),107),114),(51,(96,(((13,(81,(100,73))),127),(27,((78,95),2)))))))),(49,4)),(85,(131,12))),36),55),(103,3)),92),124),119),63),109),130),89),84),128),56),37),30),(126,((8,((53,64),34)),((47,(118,86)),(9,(10,((((((((((((((15,29),(80,((24,(66,(((((39,97),102),50),129),((94,98),(((48,132),79),26))))),(123,17)))),((61,105),40)),82),108),125),52),(((21,117),57),18)),68),93),110),111),75),(((19,74),65),(113,(116,(71,(43,(41,(6,5)))))))))))))),(112,33)),115),35),83),23),((20,(62,(58,((45,(120,(72,67))),(28,(((42,122),(91,69)),(60,22))))))),((90,133),(121,(104,(44,((25,87),16)))))));
	TREE Tree_#_29_simulated_by_Equiprobable_Trees = (((((((((((((((((((((((((((((((1,(104,(119,52))),38),17),22),78),18),102),42),77),43),(31,(((14,63),(105,79)),((29,(55,(91,45))),((27,68),(132,(34,((86,129),((48,51),(12,10)))))))))),125),30),96),((56,88),((65,90),(106,(98,16))))),61),(118,(60,(49,(((33,73),116),6))))),((87,111),(((40,70),71),((82,131),(((53,112),99),(108,20)))))),(50,((113,127),(47,(124,39))))),(126,19)),(80,64)),23),(133,(35,(46,7)))),(54,(((37,107),83),(((75,94),121),((67,103),(36,(128,((((((((((8,120),92),26),11),81),93),9),32),((62,(100,95)),(123,(76,(115,((((41,(101,(97,(72,(122,57))))),44),((89,117),74)),21)))))),((25,69),4))))))))),(110,(66,59))),114),15),5),13),28),((85,130),(((3,24),84),((58,109),2))));
	TREE Tree_#_30_simulated_by_Equiprobable_Trees = (((((((1,(((((50,127),56),59),79),(98,(61,45)))),(131,(122,18))),((121,126),(14,11))),(105,(86,((73,77),(41,(74,(95,(36,(71,((((((7,24),72),((76,130),65)),(97,31)),47),(((39,51),62),((109,123),(82,(43,(((3,(104,(81,(87,16)))),118),((100,112),(((4,68),(120,108)),(67,(38,(84,((((26,113),((90,132),(124,57))),(128,96)),(91,(64,((((((((5,(((((((15,111),110),22),(21,(85,(40,19)))),93),28),(92,12))),((13,107),(((23,70),89),(114,(94,((75,101),(54,8))))))),32),33),(129,(53,(119,52)))),66),(17,(125,(35,((37,(115,(78,63))),(103,(133,((((44,55),58),(102,99)),(((((27,88),80),42),117),(83,(49,(48,9)))))))))))),(29,((6,(69,(25,10))),(106,2))))))))))))))))))))))))))),60),((30,(116,34)),20)),46);
	TREE Tree_#_31_simulated_by_Equiprobable_Trees = ((((((((((((1,(108,(87,51))),(36,((38,(101,58)),(((25,((35,52),(129,(107,29)))),42),(82,8))))),37),19),53),(((24,(91,(111,73))),89),(40,((((((((3,130),11),79),(59,43)),65),((7,(60,((46,112),(26,((28,(103,34)),22))))),(61,(115,5)))),81),(131,((64,(121,(123,86))),(48,(109,(((21,117),96),(120,((67,99),((((((((((((((((((((((((4,124),41),114),75),97),16),(106,(57,32))),68),132),(125,(76,((98,104),17)))),(127,74)),(122,(128,12))),(113,63)),15),95),39),50),100),88),(85,(93,(62,(56,33))))),(118,(119,(78,13)))),94),(126,110)),(30,((((((((9,(102,((23,77),(27,14)))),72),71),80),(133,(83,(44,(47,18))))),116),92),(((55,105),69),(66,2)))))))))))))))),84),(90,31)),(54,20)),((45,70),10)),6),49);
	TREE Tree_#_32_simulated_by_Equiprobable_Trees = ((((((((((((((((((((1,(((((((12,20),102),86),(117,26)),61),13),((64,65),(132,((25,71),(116,((((16,90),39),((((41,(62,(97,52))),103),45),21)),(122,(23,(112,(((10,(22,(((30,63),55),(19,((42,75),(67,(88,(83,(54,(38,15)))))))))),56),(14,((((((((11,(85,60)),68),91),129),131),(109,31)),73),((((18,59),53),28),3)))))))))))))),(126,121)),40),4),(101,78)),27),34),46),110),(((((((5,89),(106,(124,((48,50),9)))),(100,(81,((43,130),((49,105),36))))),74),37),114),((99,133),(((44,98),82),2)))),(118,(113,((69,87),((77,80),(104,(111,(70,51)))))))),94),(57,(35,32))),24),84),125),119),(127,(92,(108,(58,((((7,(76,72)),96),33),(128,(8,(66,6))))))))),(107,(79,(123,(29,(((93,115),120),17)))))),(95,47));
	TREE Tree_#_33_simulated_by_Equiprobable_Trees = (((((((1,91),85),(102,((17,20),12))),((((51,117),131),73),((13,59),(11,(48,(53,(71,((((5,(28,(44,(90,26)))),(120,25)),(128,23)),((61,94),(57,(86,((((69,(103,89)),121),116),(126,((41,80),(7,((52,(114,63)),((18,(45,33)),((21,(101,22)),(((((((15,47),75),49),97),(35,16)),40),((((3,98),87),60),((37,81),((68,130),(79,((((((4,31),((((62,100),122),(129,106)),((((30,(72,(115,55))),(112,38)),((((56,70),76),84),(123,34))),((95,107),(27,(66,6)))))),(99,77)),(127,36)),(32,(14,(((19,46),50),(64,(67,((93,125),(104,(110,9))))))))),(10,((24,118),((39,(111,43)),2))))))))))))))))))))))))))),(((42,92),83),(82,(124,8)))),(109,((78,96),(133,58)))),(132,(119,((((54,74),(113,88)),(105,(108,65))),29))));
	TREE Tree_#_34_simulated_by_Equiprobable_Trees = ((((((((((((((((((((((((((((1,(132,50)),18),104),((36,112),(115,(91,(89,(((38,(119,41)),(((64,103),81),(68,49))),23)))))),(((48,85),128),(51,(29,(65,16))))),13),92),(133,(94,37))),((((8,98),(120,(114,93))),87),(14,(20,((12,(116,(102,39))),(22,(72,(109,(((33,105),121),(56,(57,((((15,46),32),95),((59,61),2))))))))))))),(124,82)),99),25),66),129),((30,83),28)),125),(113,(131,73))),123),(43,9)),(67,(5,((70,107),(58,(84,(11,(52,((40,108),(77,(97,(((((10,(111,(((((((21,44),80),34),63),88),130),((27,(86,(101,75))),17)))),126),((35,117),24)),62),(31,(53,(71,(6,3)))))))))))))))),78),(106,(((47,(90,76)),79),(26,(7,4))))),19),((60,(100,69)),54)),(122,(55,42))),(((96,110),118),74)),45),127);
	TREE Tree_#_35_simulated_by_Equiprobable_Trees = (((((((((((((((((((1,(129,(((((37,127),62),70),56),(((((45,53),69),(132,(114,80))),60),(21,(57,(109,(74,(98,(((((13,(44,(89,(71,(20,(59,(64,(108,((((24,106),75),(116,(49,36))),(97,((((48,86),99),76),16))))))))))),18),14),(121,58)),(90,((30,42),((((17,25),27),(55,39)),(125,2)))))))))))))),11),102),((103,128),85)),8),((12,(107,(87,46))),(115,(((6,(95,92)),(118,82)),(9,4))))),19),(120,32)),(119,(104,(((((((((10,(113,66)),91),((77,110),23)),122),83),105),(68,((112,117),22))),47),7)))),((63,81),54)),(100,(51,28))),34),26),65),131),79),(111,38)),(33,(((((29,40),((123,133),96)),50),(88,(78,52))),((61,(126,73)),((72,93),((43,94),((((15,(67,41)),130),35),5))))))),((84,101),(124,(31,3))));
	TREE Tree_#_36_simulated_by_Equiprobable_Trees = (((((((((((((((((((((((((((((((((((1,(76,((((((25,29),(99,(63,60))),35),77),83),20))),((65,125),(12,5))),55),(111,38)),73),(123,57)),(98,(129,(131,((41,119),19))))),75),114),122),(112,16)),(97,((27,53),(91,21)))),130),((34,72),((31,85),(43,(11,((((((((28,103),(79,40)),(58,36)),110),((52,62),50)),61),74),((7,(115,90)),(108,(46,(120,(15,6))))))))))),37),70),23),49),(117,78)),(((((18,(124,33)),42),132),89),(87,(((((17,107),(126,68)),84),(109,86)),9)))),(106,(121,(88,(51,45))))),102),(((((14,(80,54)),59),69),(39,26)),(104,((56,(67,(94,66))),3)))),113),118),4),100),82),(96,64)),8),92),((47,(101,(128,71))),13)),24),(105,81)),((((((10,93),(95,(30,22))),44),(133,48)),116),(32,(127,2))));
	TREE Tree_#_37_simulated_by_Equiprobable_Trees = ((((((((((((((((((((((((((((((((((((1,(54,18)),32),98),(26,(((71,96),104),(46,(105,6))))),83),118),(63,52)),43),(124,3)),(122,(73,(114,62)))),116),76),((29,102),17)),(119,113)),79),11),((97,121),((59,117),(((34,133),94),(((19,(95,(111,82))),90),(13,(55,(126,(100,(24,8)))))))))),38),(((((57,123),85),(91,(131,75))),77),(103,(68,15)))),((((16,(129,101)),(41,(51,21))),130),(49,4))),60),((((((((((20,128),(33,31)),127),87),(110,64)),92),(((((44,70),69),(53,45)),(50,(((61,120),112),48))),27)),28),80),7)),40),86),106),(84,37)),47),((((22,35),115),108),(125,(66,(109,(5,2)))))),(74,23)),((14,99),(56,9))),(39,(93,(89,12)))),78),(132,107)),(58,(((36,72),(81,65)),((25,67),(42,10))))),30),88);
	TREE Tree_#_38_simulated_by_Equiprobable_Trees = (((((((((((((1,8),66),108),(127,((((9,42),(((15,88),51),(114,((54,100),(12,((57,107),10)))))),82),((37,117),((((((((((((((((5,(((((35,133),73),(106,50)),128),(126,((87,(110,92)),33)))),(28,(32,((39,41),(((((((25,85),105),79),49),(111,26)),47),24))))),98),121),((90,113),52)),(130,((22,97),(((69,(123,116)),78),(119,((((18,67),44),(71,19)),(102,(94,(125,((30,63),(99,16))))))))))),48),131),(103,17)),(76,((91,115),56))),20),7),(27,(93,(((34,95),(122,60)),((129,132),14))))),(40,(43,13))),65),((36,109),(21,((6,(120,((((59,80),104),96),(62,53)))),(89,(((61,101),64),(55,(124,(118,(72,4)))))))))))))),(81,45)),(112,68)),(86,(((38,70),58),11))),74),(29,(84,3))),((46,83),2)),(77,31)),23),75);
	TREE Tree_#_39_simulated_by_Equiprobable_Trees = ((((((((((((((((((((((((((((((((1,(115,77)),68),94),117),109),(93,47)),102),(112,46)),(59,(108,42))),((78,100),((70,84),((127,130),(63,(((9,(114,((12,(55,38)),((29,132),(92,10))))),(((73,95),83),((25,82),14))),(62,((26,((86,88),64)),(57,(((41,122),126),5)))))))))),7),131),60),31),((((44,45),99),((66,72),(((52,123),106),(113,50)))),(91,(81,(76,13))))),104),(((34,(80,(69,53))),90),(85,18))),(((37,111),110),(48,36))),(89,(58,((103,129),3)))),(97,(121,(35,8)))),(((((17,24),(((96,101),105),30)),98),74),2)),(67,(119,(79,16)))),(124,(65,(75,(((20,133),116),19))))),43),61),(51,4)),22),(120,(((((((((((21,49),118),128),27),56),107),54),23),40),28),(33,(11,(15,(87,6))))))),32),125),39),71);
	TREE Tree_#_40_simulated_by_Equiprobable_Trees = (((((((1,73),(97,(113,91))),58),72),(132,(((((((((25,88),56),45),35),108),127),46),117),((104,112),(78,20))))),(11,(83,(115,((((((19,((77,123),62)),(111,(122,64))),57),(92,(((65,131),128),(98,44)))),70),(103,(27,(((3,23),((29,85),(28,(107,(39,(120,(((((13,130),30),47),24),((31,71),(75,((((15,116),124),((101,129),59)),(60,((6,53),(118,(43,((100,121),(9,5)))))))))))))))),((10,((17,102),(90,14))),(86,((((((4,((22,((106,126),(63,50))),(((((((((12,79),114),(109,(80,69))),(87,((((42,52),67),133),37))),76),89),((32,82),21)),96),(33,((16,38),(66,(81,(74,7)))))))),51),48),54),(41,(61,((94,99),(36,(125,(105,(26,8)))))))),(((84,119),93),(95,(49,((34,(110,40)),(55,2)))))))))))))))),(68,18));
	TREE Tree_#_41_simulated_by_Equiprobable_Trees = ((((((((((((((((((((((((((((((1,87),(45,(133,(((10,74),(43,((52,(80,64)),23))),(98,5))))),(107,21)),(82,(117,(132,(((71,97),125),65))))),(129,(99,24))),((((((((((8,(114,(((((56,57),90),122),113),(62,14)))),49),12),(120,(92,(39,25)))),93),(123,35)),(111,91)),18),(130,28)),(16,3))),(131,42)),70),31),100),116),(128,4)),(118,115)),(((53,89),126),(69,(85,22)))),17),51),106),95),(103,(86,(124,38)))),11),((((15,(127,(77,61))),(110,104)),94),((19,(((29,50),66),((72,112),20))),(60,(34,9))))),(101,(30,7))),(47,(73,((((32,76),105),46),((48,84),((33,(102,((79,96),(75,(109,63))))),((36,41),(81,(44,6))))))))),((58,83),(55,(68,(78,((27,54),26)))))),(67,37)),((88,108),(40,2))),119),121),59),13);
	TREE Tree_#_42_simulated_by_Equiprobable_Trees = (((((((((((((((((1,(((47,60),124),8)),(((((7,(103,55)),93),74),(132,64)),((((52,73),68),86),(((((18,62),54),(118,67)),(53,(108,38))),(((((((17,19),126),((34,(123,97)),29)),131),82),128),(94,(107,(105,((109,114),(129,(16,(((((12,51),32),(41,((35,(59,50)),13))),56),((5,71),((36,102),(84,3))))))))))))))),(89,10)),(99,58)),((49,(((96,106),117),63)),(((((23,76),100),(113,75)),121),(81,(78,(((((((((9,(112,(((79,((122,127),115)),91),48))),98),(24,(85,(61,21)))),120),101),(40,22)),133),((87,104),((31,125),15))),(66,(((((6,80),14),130),11),(((28,111),77),2))))))))),26),39),70),45),37),65),(33,((27,43),(110,((25,((42,(92,((72,116),(88,(69,57))))),(95,30))),4))))),90),20),119),44),(83,46));
	TREE Tree_#_43_simulated_by_Equiprobable_Trees = ((((((((((((((((((((((((((((((1,(66,54)),95),40),((78,129),43)),(60,(93,(((16,(100,((77,96),74))),121),(50,((32,76),((39,106),(((46,116),124),8)))))))),(97,30)),((45,71),(125,(94,(70,((69,127),15)))))),80),10),108),(128,84)),56),((9,31),3)),(((((12,29),120),18),82),4)),((42,(89,(109,58))),((86,(130,118)),((37,(101,49)),(((51,(63,(98,(91,(111,55))))),(88,75)),(113,(57,(19,((41,119),13))))))))),(38,23)),133),34),61),(122,(90,(87,7)))),(110,(85,(25,(21,(67,(132,(27,(20,((((35,105),115),83),(28,(126,14)))))))))))),103),6),2),79),(65,((92,99),(114,64)))),((((26,59),44),107),(73,((24,123),((33,68),22))))),5),47),((((17,(62,(72,(((53,131),81),(48,36))))),(117,52)),102),(112,(104,11))));
	TREE Tree_#_44_simulated_by_Equiprobable_Trees = (1,(9,(((((13,44),(83,(106,(91,72)))),(45,(102,31))),((((70,132),116),111),(104,(86,(93,49))))),(((((((3,(((15,(110,(81,67))),95),(14,(74,(88,12))))),63),21),((23,73),18)),(121,114)),(115,((61,75),(105,(129,(92,(85,(109,33)))))))),(4,(((((5,127),57),(28,((((((((((((((7,22),(101,((((54,60),(99,90)),131),10))),26),(126,((97,100),79))),(25,(((11,((59,122),34)),112),(82,(((((((((16,(((37,38),56),(119,(68,29)))),89),123),((43,80),(130,(32,19)))),108),87),(40,24)),(64,(120,52))),(53,((20,46),8))))))),77),35),(117,51)),39),(94,(103,41))),128),((50,124),(62,((65,(96,(71,66))),(78,(125,(107,((((30,76),(118,69)),36),(98,((42,48),(84,(113,17)))))))))))),(58,47)),(133,(55,6))))),27),2))))));
	TREE Tree_#_45_simulated_by_Equiprobable_Trees = ((((((((((((((((((((((1,6),83),5),(119,(103,((49,97),((67,127),45))))),66),85),(30,(((((((((7,41),(((43,80),(115,73)),(57,(107,14)))),(((44,(95,68)),69),(105,12))),(112,(110,22))),101),60),(84,9)),46),(53,((((39,62),117),54),(128,(56,(124,((16,40),(25,((8,28),((((((((15,33),50),(116,(70,58))),24),29),19),((98,102),91)),(81,4))))))))))))),89),(126,(((3,(88,(34,(109,(130,(121,10)))))),27),(122,(((13,55),63),((114,120),(18,((42,118),2)))))))),113),72),((47,51),(93,(78,((61,(92,86)),((48,131),((52,75),((37,125),31)))))))),(35,((65,(111,106)),(36,((87,133),(99,11)))))),64),(132,(129,(74,(77,(76,(26,(90,((79,82),(104,(94,20))))))))))),(96,21)),17),(71,32)),123),(100,(108,59))),23),38);
	TREE Tree_#_46_simulated_by_Equiprobable_Trees = (((((((((((((((1,39),(129,40)),128),(18,(120,(98,((((13,53),((87,93),(((37,90),((46,75),45)),34))),125),((60,79),(66,((((31,64),100),88),(74,10))))))))),(49,(116,((((((((((((((((((((((((4,20),(91,(22,6))),(((51,62),107),38)),(110,(130,104))),72),86),92),33),123),69),131),68),(114,109)),(84,((26,81),(111,(119,15))))),112),(((21,55),(103,(50,28))),(73,11))),(99,(117,43))),(132,78)),65),71),25),80),(89,((((82,127),118),85),30))),((9,(124,19)),((94,101),((67,122),(24,((((((((7,32),96),115),17),8),(42,(83,(52,23)))),14),(95,(((12,29),57),(108,(76,(41,((48,133),(((44,126),54),(59,(97,(27,(105,(61,(58,2)))))))))))))))))))))),(63,3)),70),102),((106,121),36)),113),(56,47)),16),5),77),35);
	TREE Tree_#_47_simulated_by_Equiprobable_Trees = (((((((((((((((((1,(122,119)),82),109),77),(84,9)),((12,(115,111)),((((((((4,80),((46,98),(99,(57,(74,39))))),124),107),54),118),(51,(56,(96,(65,(18,(85,(66,((50,133),5))))))))),((104,128),((((((8,131),129),(((64,76),79),21)),((((15,88),97),(37,35)),((36,94),11))),95),(42,((62,102),(117,((((((((((((((7,89),(123,(((33,81),48),32))),69),68),45),126),26),((61,125),(38,(31,(120,(130,(103,(34,22)))))))),92),27),23),14),24),(100,(((((((6,((29,63),(127,20))),53),(116,(101,(60,17)))),(106,71)),(83,((41,47),(93,(112,(75,13)))))),105),3))))))))))),110),30),16),((86,(114,87)),(108,72))),(121,(113,(43,(70,(49,(55,28))))))),(78,(58,(91,(52,44))))),19),90),(73,25)),132),((((10,67),40),59),2));
	TREE Tree_#_48_simulated_by_Equiprobable_Trees = ((((((((1,9),(((25,45),(94,68)),(99,((29,(52,50)),(((22,91),(44,24)),6))))),(67,(((8,110),111),(89,(((60,88),(125,86)),((3,(((19,112),113),((47,103),16))),((((21,61),100),90),(((((((((((5,79),48),35),42),(69,57)),(((((((((13,106),130),74),32),114),54),104),58),(30,(((((((((((15,98),51),((41,65),(49,(73,(101,(95,(40,39))))))),(80,(92,43))),26),(123,62)),(70,(78,31))),(132,128)),85),(71,(118,(64,((((75,84),117),76),(82,36)))))),12)))),46),37),33),121),(7,((108,115),((((34,109),38),131),((18,105),((66,116),(97,2)))))))))))))),((23,107),((((11,((59,127),55)),20),77),(((14,(120,119)),122),(((((10,63),27),(124,17)),(87,72)),(133,4)))))),81),(93,(53,28))),102),((83,129),(126,(96,56))));
	TREE Tree_#_49_simulated_by_Equiprobable_Trees = (((((((((((((1,8),64),33),25),43),(106,((126,131),(((35,113),(((((((79,114),97),95),118),101),116),36)),22)))),26),((12,(61,32)),(((((5,(111,92)),((((45,55),94),(72,(((67,87),86),(80,47)))),30)),((115,122),34)),(21,17)),((((7,121),((50,71),(58,((((31,(130,37)),54),(75,(123,40))),(90,15))))),107),(73,(74,(((83,89),119),((110,133),(124,(((((((10,76),96),(81,(((46,117),78),18))),42),29),(((109,132),125),105)),(62,(20,(102,((13,82),(28,(128,3)))))))))))))))),6),(11,(((((4,88),(51,38)),53),103),(48,(24,(52,(70,(44,((((49,(100,((104,108),77))),99),(93,56)),((((((((((9,59),98),23),120),(57,19)),((63,69),(((68,85),84),27))),127),66),91),(65,(41,(112,2))))))))))))),(16,(129,14))),39),60);
	TREE Tree_#_50_simulated_by_Equiprobable_Trees = (((((((((((((((((((((1,10),((101,108),11)),8),(38,(((50,86),132),(52,(90,33))))),(31,(88,(111,(29,(122,23)))))),(116,28)),(89,((13,95),((27,69),4)))),46),((49,93),((62,99),(78,(97,(65,16)))))),(130,36)),(((107,121),110),79)),57),(91,(119,(30,(83,21))))),((71,100),44)),92),35),((5,(75,(105,(((81,112),84),(48,(74,(24,(64,(45,((((39,59),53),103),((22,102),((((42,54),(124,96)),70),(34,(117,(66,(25,(125,(63,(17,(19,15)))))))))))))))))))),((47,(113,76)),(68,(((((26,60),(98,58)),73),87),(7,(37,((((14,56),20),(((61,126),(82,72)),(77,18))),(9,(85,((((3,80),(106,(51,((((12,(133,40)),131),((115,123),114)),6)))),(94,55)),(32,(43,((118,127),(120,(109,(41,2))))))))))))))))),67),129),128),104);
	TREE Tree_#_51_simulated_by_Equiprobable_Trees = ((((((((((((((((((((((((1,2),124),23),(10,(((((((11,12),114),((111,120),69)),(((((32,91),50),(66,52)),(125,(117,105))),(67,(95,(108,(38,14)))))),(65,(54,((107,128),((58,70),(71,(97,(((43,82),55),37)))))))),73),(((15,(((17,62),59),16)),(116,35)),(119,(87,((((((((((5,56),(132,(61,(44,27)))),25),86),20),(75,((51,104),(85,(((((63,133),118),88),92),(89,(9,(((22,40),131),(93,(127,(99,(121,6)))))))))))),79),42),(45,(34,(112,(((77,113),90),8))))),(96,3)))))))),126),(36,18)),76),(((46,78),(106,(100,98))),13)),53),101),(81,(94,((60,74),((83,(123,(122,115))),(((72,80),102),19)))))),39),(103,21)),28),(84,64)),(47,(((30,129),110),4))),29),26),(130,7)),41),(31,(68,((48,109),24)))),57),33),49);
	TREE Tree_#_52_simulated_by_Equiprobable_Trees = ((((((((((1,(27,(44,((7,125),(102,(122,6)))))),(86,(82,31))),24),15),26),(120,107)),25),(47,(124,((60,116),8)))),((((((((((((((((3,68),61),(41,(98,((((((9,40),71),48),((((80,109),118),97),50)),(79,29)),(43,(45,(17,4))))))),85),(49,30)),(64,(96,46))),(108,(94,((((16,113),84),75),((56,114),11))))),121),38),(21,((22,129),(78,((52,(133,58)),(87,((20,72),(123,((((57,128),83),65),(((((((((((18,(89,23)),95),(70,34)),115),(112,(119,73))),100),(99,59)),53),39),92),12)))))))))),10),(110,105)),76),(35,(130,((88,127),((42,((69,131),(81,((63,74),62)))),((((33,(126,37)),106),101),(51,13))))))),(117,5)),(((54,104),(91,66)),(103,(77,(111,((19,32),((36,132),(93,(67,((55,90),(28,2)))))))))))),14);
	TREE Tree_#_53_simulated_by_Equiprobable_Trees = ((((((((((((((((((((((((((((((((((((((1,53),31),5),126),118),49),71),20),(48,8)),25),45),(120,(69,(34,(116,(64,(73,9))))))),84),92),59),74),((((29,((62,101),(42,(46,30)))),133),110),(36,(((16,91),((61,67),(75,(108,(96,(((63,99),94),23)))))),(131,(18,((39,(122,(128,83))),10))))))),89),77),((54,(68,65)),(56,32))),97),(132,(114,21))),((35,72),(76,(40,15)))),(55,((((((13,51),119),(58,50)),130),105),(((((7,(82,14)),(113,33)),103),98),(41,4))))),129),(109,((52,104),27))),(24,(((28,(107,87)),(127,(90,38))),3))),(((43,80),93),((((19,(88,(121,((44,60),(47,26))))),125),78),(117,11)))),124),17),((((66,111),((102,106),100)),86),2)),85),(112,22)),57),(79,12)),(70,6)),95),(115,(81,(123,37))));
	TREE Tree_#_54_simulated_by_Equiprobable_Trees = ((((((((((((1,((57,68),((40,122),((109,113),(21,((12,61),((((36,(102,97)),119),45),(64,(((((10,13),108),98),19),(((28,(((55,(96,(((124,127),126),60))),79),32)),88),((58,75),((47,71),((20,(74,52)),6))))))))))))),(103,(78,(72,(27,(104,(132,((53,70),17)))))))),54),48),81),105),11),46),(44,(91,16))),84),(((8,((69,87),43)),92),(((25,86),31),(((9,63),((((((15,(128,((56,106),(((62,116),131),18)))),(41,35)),((65,89),(99,24))),125),(42,(112,30))),(118,((22,123),14)))),((((((5,95),(38,7)),49),101),26),(((34,76),(((90,121),94),(100,50))),((3,(((23,77),66),((67,130),(129,(83,((51,117),((85,111),(93,(59,(39,((82,107),(115,(33,((29,110),(73,(133,(114,(120,4)))))))))))))))))),2))))))),(80,37));
	TREE Tree_#_55_simulated_by_Equiprobable_Trees = ((((((((((((1,55),84),72),(14,(((23,105),(71,(79,(83,((81,126),(110,45)))))),((4,103),(26,(80,(121,((66,(130,92)),(29,(124,(74,((59,(100,70)),(17,(111,3)))))))))))))),(((((32,(109,52)),61),(101,43)),122),(117,(127,(8,(133,((44,131),(((((((21,36),((53,73),39)),107),97),120),31),(27,((87,108),(25,(104,(63,(54,((((11,94),((69,(132,((114,119),96))),(118,57))),106),(98,(30,(((35,48),77),((113,129),(51,(34,(((((((9,65),22),116),56),85),60),6)))))))))))))))))))))),99),(62,((95,125),(75,33)))),67),(49,41)),(90,78)),((10,24),((18,91),((88,89),(5,((((38,42),(((58,102),86),46)),47),(((((((12,15),20),68),112),(76,(128,40))),82),(16,(93,(13,((28,123),((((7,115),37),(50,19)),2)))))))))))),64);
	TREE Tree_#_56_simulated_by_Equiprobable_Trees = ((((((((((((((1,91),(93,18)),78),(7,(8,(11,(129,((68,102),((((((5,79),121),((66,104),36)),(70,(65,(106,(131,20))))),77),(103,(61,((84,105),(((((((4,(19,((((((37,62),((63,(127,(113,108))),((109,112),58))),38),83),52),(82,10)))),119),130),89),64),101),((56,116),((((((((((((26,28),69),59),(75,(125,(92,47)))),44),85),128),72),132),41),45),(55,(((30,(((90,111),110),(118,40))),99),(((32,114),73),(115,(((((((14,29),(96,17)),100),81),(((39,53),88),((34,49),((48,97),25)))),23),(12,3))))))))))))))))))),(94,(33,2))),120),27),42),31),43),(122,(((16,(((((24,(117,74)),86),(124,76)),126),((57,80),(133,21)))),51),(95,(71,(107,((46,(87,50)),(60,((22,(123,54)),(35,9)))))))))),13),((67,98),6)),15);
	TREE Tree_#_57_simulated_by_Equiprobable_Trees = ((((((((((((((((((((((((((((((((((((((((((1,92),14),(8,(((((((6,(((102,116),131),(19,(((40,66),120),(47,(119,((72,112),10))))))),89),((((23,75),68),88),(42,20))),(113,38)),((12,((44,61),(((16,108),59),(52,(96,((124,132),13)))))),(32,(110,9)))),(101,98)),(127,(((25,49),62),(115,(45,3))))))),7),79),(97,28)),80),69),128),118),122),64),(31,((((24,55),83),105),11))),82),17),(114,15)),77),5),73),(((58,63),76),(33,27))),74),(104,(106,70))),111),(71,(91,67))),39),126),117),(30,(86,(((36,48),107),((121,130),((22,35),((43,51),4))))))),65),(87,(90,56))),(34,(129,18))),99),((29,53),(123,((78,133),(((37,109),103),21))))),(60,54)),(100,(85,(57,46)))),84),2),50),(95,93)),(125,81)),41),(94,26));
	TREE Tree_#_58_simulated_by_Equiprobable_Trees = (((((((((((((((((((((((((1,(49,((((21,41),117),70),((17,33),4)))),(((25,61),127),20)),(116,(54,((62,(109,91)),5)))),101),((65,(76,75)),(92,(112,42)))),(128,39)),(((72,111),102),(60,(86,35)))),(((((((((6,45),120),(122,89)),44),56),85),94),(108,9)),2)),(((((53,(107,80)),(133,78)),77),84),(40,23))),(31,((34,(88,74)),28))),99),30),79),46),((32,64),(51,(100,((52,68),(((19,47),38),12)))))),103),(69,(37,(48,3)))),55),(27,(((((58,124),96),(((((((87,125),130),131),114),(110,104)),97),63)),83),(81,7)))),(15,(24,10))),123),(((((((14,22),(59,(67,(113,(98,26))))),50),((95,129),71)),105),106),13)),(((((((((16,43),115),93),66),18),(132,57)),(90,73)),126),(82,(121,(36,(29,(118,8))))))),119),11);
	TREE Tree_#_59_simulated_by_Equiprobable_Trees = ((((((((((((((1,77),115),62),(48,(81,(114,(98,(23,((26,112),(124,((((((((((((((6,97),12),127),(75,50)),111),66),91),34),11),(93,52)),(128,(79,(122,27)))),82),(123,88)),(9,(((7,((22,108),16)),101),(40,(((45,87),60),(83,(76,((41,46),(96,(33,((36,125),(86,(104,((28,69),(126,((4,95),(53,(49,((73,121),(8,(106,((13,89),((103,110),(71,(3,(102,(32,((14,21),((57,78),((20,131),(51,((43,59),(107,(133,(116,(130,((24,(84,(90,63))),2))))))))))))))))))))))))))))))))))))))))))))),37),42),100),65),29),(67,(39,5))),(((((((((((18,((30,44),19)),(117,105)),(64,58)),(132,54)),61),119),99),120),(74,68)),129),(85,10))),((25,56),(70,((35,94),17)))),80),((92,113),(38,(((31,55),72),((47,118),(109,15))))));
	TREE Tree_#_60_simulated_by_Equiprobable_Trees = (((((((((((((((((((((((((1,(27,((22,130),(42,((39,125),13))))),108),5),(104,((((((29,(113,45)),82),73),118),(((62,(109,(93,75))),112),((69,79),(74,38)))),(129,((23,121),(((66,78),103),(((50,65),89),12))))))),123),((8,41),(120,(24,(46,7))))),127),(28,((21,(119,(100,(105,(61,35))))),((43,51),(20,((36,(70,57)),((37,(107,95)),((88,117),(((30,49),(63,52)),(54,((((((((((16,96),111),(97,33)),98),110),64),(126,124)),81),71),(133,(84,2))))))))))))),(72,(131,((77,128),17)))),85),(40,((25,(122,115)),(15,(((56,116),(83,80)),(90,9)))))),(106,53)),76),86),101),114),47),(32,(67,(91,3)))),4),14),(31,(11,((34,92),10)))),(((55,87),60),(26,19))),48),59),((44,68),(102,(94,((18,58),(132,(99,6)))))));
	TREE Tree_#_61_simulated_by_Equiprobable_Trees = ((((((((((((((((((1,124),85),((78,96),25)),22),(42,18)),30),((((48,50),114),95),29)),(58,(131,7))),(68,(91,(((56,98),122),10)))),100),54),113),(64,9)),(103,((38,120),(23,(73,(116,11)))))),(((51,79),52),(32,((((((((((((4,37),75),111),108),24),59),117),(82,61)),16),119),((41,104),5)),((86,121),((28,(66,(71,(109,((60,130),(69,((67,80),40))))))),(39,((6,(33,(93,((88,127),(101,((21,63),(((17,(83,(43,((((((34,112),49),(126,106)),102),92),(47,(46,(74,26))))))),94),(84,((97,(115,(107,105))),(13,((57,81),((27,36),12)))))))))))),(((19,70),72),(118,3)))))))))),128),(62,(90,(20,(99,(53,(129,((8,(((55,89),(110,87)),(31,((45,65),(15,(((35,125),77),14)))))),((44,(132,(123,76))),2))))))))),133);
	TREE Tree_#_62_simulated_by_Equiprobable_Trees = ((((((((((((((((((((((((((((((((((1,5),51),(((29,(131,(102,58))),124),(81,(129,(106,(76,17)))))),32),((44,87),8)),108),(78,(53,(54,(85,50))))),59),132),18),117),(63,(89,(((84,(115,107)),(100,(91,90))),27)))),128),69),105),25),110),93),103),52),39),66),(15,(30,(47,10)))),(112,11)),97),57),33),19),((4,75),((((((((((((((6,94),119),((26,43),(121,(72,((((((((16,49),83),74),125),109),70),113),(65,(77,(96,(55,12))))))))),(122,80)),(127,21)),(98,(((((((13,120),95),86),104),101),118),9))),130),62),42),46),99),((71,133),(126,7))),123),((((((((((((20,34),31),56),67),40),35),61),45),37),88),(116,(111,24))),((3,(68,60)),(73,(79,2))))))),(22,(64,(36,(82,(38,14)))))),23),48),41),(92,(114,28)));
	TREE Tree_#_63_simulated_by_Equiprobable_Trees = (((((((((((((((((((((((((((((((((1,58),92),132),(98,26)),36),87),(16,(49,4))),(91,44)),(107,23)),130),128),7),74),90),(114,62)),(99,96)),35),75),((48,125),21)),(84,(80,38))),25),63),83),27),24),(29,(115,(127,(((((((20,(51,(65,(56,47)))),105),86),89),((95,108),((73,(106,97)),((42,70),37)))),67),(39,((8,34),(14,((33,59),5))))))))),(54,(123,13))),79),116),102),(94,76)),((41,43),15)),((28,((85,93),((110,120),82))),(109,((17,57),(111,(6,(122,((101,124),(11,(68,((19,88),((66,126),(31,(45,((((((10,(78,64)),46),103),113),(133,53)),(69,(119,(55,(((71,121),129),(((((3,(72,(117,((32,40),30)))),112),60),77),((100,131),(61,((12,118),(52,(50,((9,(81,22)),(104,(18,2))))))))))))))))))))))))))));
	TREE Tree_#_64_simulated_by_Equiprobable_Trees = (((((((((((((((1,61),79),(26,((80,126),(95,(23,(8,(45,2))))))),((68,119),34)),(122,17)),115),(5,((51,132),(50,((120,133),(77,(((49,78),113),3))))))),((29,69),((20,((72,102),(76,63))),((((((9,((67,85),31)),((53,88),((24,(129,62)),((18,121),((41,((112,124),73)),13))))),11),107),(56,((25,123),(109,14)))),(((((((30,75),32),46),(116,57)),111),(114,106)),(36,(28,(6,(((((10,33),94),97),104),(131,(87,((((12,40),(48,(91,43))),92),(83,(((((((((7,((22,66),(74,19))),44),60),103),84),((108,(130,118)),(59,(128,(82,(27,(54,((((47,98),(117,71)),65),(((70,(105,93)),100),(110,16)))))))))),39),((58,86),(52,37))),4)))))))))))))),89),15),((35,125),(81,(96,(42,(127,(101,(99,21)))))))),90),55),64),38);
	TREE Tree_#_65_simulated_by_Equiprobable_Trees = ((((((1,119),(133,44)),64),((((18,19),(108,72)),121),(48,(71,((29,97),((33,68),(106,(((((((((((((((3,63),((((28,59),69),(99,75)),(65,14))),8),(((((52,125),113),89),85),40)),7),104),21),122),53),((80,100),((((((((12,25),((45,62),15)),102),32),(132,(((((24,54),(55,((51,79),(112,36)))),(95,73)),(91,41)),(39,13)))),129),101),(103,6)))),58),(114,92)),((84,118),(((34,82),((88,124),70)),(((23,96),((30,76),26)),(42,(116,22)))))),(90,(81,(35,9)))),((11,(123,(115,(128,110)))),2))))))))),(117,((((16,38),130),105),(126,(93,(49,((((((5,98),(((61,78),107),57)),(50,27)),(83,67)),(109,37)),(((((((17,(86,31)),74),77),60),131),((47,87),46)),(120,(127,(56,((10,111),(20,(43,(66,4))))))))))))))),94);
	TREE Tree_#_66_simulated_by_Equiprobable_Trees = ((((((((((((((((((((((1,(121,18)),130),32),10),64),115),133),(97,(119,(79,(76,52))))),132),((61,((90,101),73)),29)),60),(43,(128,(65,((((((6,14),(((30,39),74),27)),129),69),(28,15)),(93,(20,2))))))),95),51),127),((83,116),(100,53))),7),(75,(78,23))),17),112),((42,111),(19,(21,(110,((70,(120,102)),((((63,106),88),72),((((33,114),35),(89,68)),(77,(((11,123),59),(87,(86,(16,((((49,91),103),126),4)))))))))))))),((((((22,34),96),94),(45,25)),(125,113)),(24,((37,(85,(62,(98,(58,((82,104),(((54,84),66),(((44,131),108),(71,38))))))))),(67,(((((26,40),((81,(124,(99,92))),(107,(46,(109,(118,36)))))),(57,31)),122),(8,(5,(41,((((9,48),(50,12)),47),((13,(105,56)),(117,(80,(55,3))))))))))))));
	TREE Tree_#_67_simulated_by_Equiprobable_Trees = ((((((((((((1,(103,((79,95),(85,(128,18))))),120),131),(108,(115,(45,32)))),(((((34,(100,(87,(66,58)))),64),44),92),((6,38),(113,(43,((9,98),(60,((((((((8,(97,(78,33))),35),84),(((61,132),67),(((20,112),40),(111,((75,80),16))))),(62,(72,54))),116),(110,25)),(10,((((((((((((((((3,23),(42,(73,(((13,129),49),((((46,(133,81)),48),101),((69,117),((((26,96),31),52),(12,(90,(123,(124,5))))))))))),(130,22)),83),(91,74)),30),71),(107,21)),53),(50,(70,(27,4)))),(122,51)),93),((((((37,104),57),121),118),47),(((((11,105),86),114),56),(41,(125,(55,((89,119),(94,(106,7))))))))),127),(24,(99,15))),2)))))))))),(77,65)),39),(76,(28,(19,(36,14))))),((63,102),(29,17))),88),68),(126,(109,(82,59))));
	TREE Tree_#_68_simulated_by_Equiprobable_Trees = (((((((((((((((1,5),73),(127,17)),(39,(37,(((8,(((50,65),115),((56,((68,(96,93)),62)),((55,(81,80)),16)))),(99,41)),(9,(43,(125,(103,(31,(114,(101,(23,(((((4,51),34),(111,(67,(110,25)))),47),(((7,66),32),(85,(24,((((((((((((((6,117),64),(104,((76,118),(131,42)))),((52,53),(123,11))),(95,((82,121),(132,(45,27))))),18),(46,(106,15))),(44,(113,(30,26)))),10),78),(92,14)),122),48),(61,(((((((22,77),33),(86,(129,57))),105),112),108),3))))))))))))))))))),69),(20,(88,(97,12)))),35),116),(72,(40,28))),((109,126),94)),(63,((54,133),(58,(((60,130),74),(124,13)))))),102),(((36,(79,59)),120),(89,(70,2)))),(((((((21,(119,71)),87),29),(100,49)),75),(128,91)),19)),(((83,90),84),(98,(107,38))));
	TREE Tree_#_69_simulated_by_Equiprobable_Trees = ((((((((((((((((((((((((((((((((((((((((((((((1,89),(108,((57,93),(65,41)))),106),(77,9)),133),114),36),(70,(((((((11,105),13),17),111),88),(107,68)),(31,(83,(58,(27,(29,(67,10))))))))),(117,(54,((84,119),23)))),112),39),(115,60)),7),48),2),97),74),(79,(((16,((((50,(75,56)),85),55),(47,(61,(42,38))))),37),(109,(131,(((64,(92,((94,(130,103)),73))),128),((91,127),(40,4)))))))),132),122),5),(53,(87,(14,((24,(95,(126,81))),3))))),(((49,90),124),26)),110),(121,(129,116))),20),80),113),(46,(98,34))),(123,33)),76),28),45),(71,(32,(69,15)))),(((((((12,120),125),30),102),18),(118,52)),(((35,101),96),(62,(104,(43,(21,6))))))),66),100),72),86),(82,63)),25),(99,(22,(78,8)))),19),59),51),44);
	TREE Tree_#_70_simulated_by_Equiprobable_Trees = ((((((((((((((((((((((((1,(((15,21),40),(113,(30,(((50,(122,103)),110),(((23,49),(133,89)),(101,((90,126),2)))))))),121),(115,(41,(52,(70,(((18,(132,53)),95),(96,((33,(111,(56,((73,124),(((68,82),131),(59,46)))))),(((72,87),80),((((11,(108,(81,(98,(62,((84,112),57)))))),(28,27)),65),6)))))))))),(117,((128,130),31))),76),127),106),(47,(71,(9,(37,3))))),(54,(29,14))),88),(8,(34,((((13,86),64),93),(((32,116),104),(20,5)))))),((92,(120,107)),(19,(36,(((10,66),25),(74,((42,67),(79,(60,(24,((69,85),(45,7)))))))))))),109),17),((114,125),(97,35))),(91,39)),(((78,129),100),75)),(102,(48,(77,(123,(38,(58,12))))))),(((43,99),44),(118,16))),55),((51,83),4)),(119,94)),(105,(26,(63,22)))),61);
	TREE Tree_#_71_simulated_by_Equiprobable_Trees = (((((((((((((((((((1,76),((((((((((15,104),124),111),38),79),64),(83,40)),(98,52)),37),((57,(109,96)),(17,(((((4,35),(((13,128),78),(((((51,113),56),75),(108,(97,77))),(46,(100,((21,62),(63,8))))))),(43,27)),(((61,(101,69)),67),(((68,86),(131,110)),39))),(115,(44,(((19,48),(53,30)),(16,(59,3)))))))))),23),55),88),22),84),66),(42,((49,80),11))),10),118),((41,120),(((((((((18,20),102),72),58),(121,(127,28))),85),114),50),(12,(((25,93),(103,33)),(54,(106,(129,5)))))))),116),(133,(((14,92),45),(29,(119,(((24,123),(122,((87,95),((47,94),(99,(82,(((36,132),107),(32,31)))))))),((34,117),9))))))),91),71),(74,((((65,130),126),(105,89)),7))),(6,2)),(81,(125,((70,73),((60,112),(90,26))))));
	TREE Tree_#_72_simulated_by_Equiprobable_Trees = ((((((((((((((((((((((((((((((1,68),(67,12)),46),86),95),43),133),(48,(51,40))),(((((8,(18,(64,17))),59),(121,(35,((26,((83,88),((49,91),45))),(60,25))))),(130,(126,66))),(57,6))),(117,3)),(103,(92,(96,(114,52))))),(32,(24,(19,7)))),84),62),78),(98,53)),93),(15,(71,((((((((22,44),31),80),120),100),74),69),((87,(128,101)),(((((((((((20,105),123),94),(108,(129,50))),79),29),(122,((73,85),28))),81),(132,65)),102),(23,13))))))),33),127),(((((((((((((5,(75,10)),(124,70)),99),(106,30)),(109,((61,112),((27,118),((36,76),11))))),58),104),90),125),(107,(77,42))),113),(47,34)),(((9,110),41),(((37,(119,115)),72),2)))),82),111),21),4),56),(55,(54,((89,116),39)))),(((38,131),97),14)),16),63);
	TREE Tree_#_73_simulated_by_Equiprobable_Trees = ((((((((((((((((((((((((1,91),35),(94,92)),(76,33)),(((((10,32),109),18),((108,116),(100,70))),((((((((((6,37),20),112),96),((22,45),19)),(99,83)),(82,((55,66),24))),(126,(34,(((25,(86,73)),119),(((59,128),103),(((65,124),72),(93,(105,(((9,(87,(98,78))),26),7))))))))),49),(80,(((8,(106,(110,(41,(40,(30,13)))))),69),(((((23,122),104),(44,38)),111),(12,((57,77),(52,5))))))))),123),60),71),130),((((((28,101),(114,56)),90),39),(75,43)),(79,16))),2),((27,29),15)),(88,21)),((84,127),(89,63))),(133,118)),121),(81,74)),((17,115),((50,53),(((4,85),11),(47,((((((((31,36),(120,117)),129),102),54),42),64),(97,(14,(58,(((62,131),107),(67,3))))))))))),113),51),((68,95),(125,46))),132),61),48);
	TREE Tree_#_74_simulated_by_Equiprobable_Trees = ((((((((((((((((((((((((((((((1,125),(56,(46,(75,(109,(128,(92,17))))))),(51,(66,(96,(103,(((22,55),111),(((37,119),50),16))))))),121),(59,(52,40))),48),71),(98,34)),(85,(74,(41,(((9,29),43),(19,((47,(105,61)),(113,((27,83),(131,(45,8))))))))))),24),(89,10)),(86,31)),(94,(91,(84,(((42,87),(114,101)),(65,(28,(132,12)))))))),4),107),115),(((((26,(106,102)),(77,63)),35),127),13)),(93,58)),49),72),(64,39)),78),(70,((7,38),6))),(68,(54,33))),11),((82,133),32)),(62,((18,76),(80,(21,(120,(95,((((23,(130,79)),110),36),(((3,123),(126,5)),(((44,(116,(108,(129,57)))),118),(((((((((15,(67,20)),(60,25)),69),122),97),104),81),(112,88)),(14,(30,(100,((90,117),2))))))))))))))),(99,73)),53),124);
	TREE Tree_#_75_simulated_by_Equiprobable_Trees = (((((((((((1,((92,93),(56,39))),(42,((43,119),((((((((((18,61),59),123),(125,118)),(117,33)),(132,(103,(89,84)))),83),(((52,109),88),(47,23))),133),(114,(((((17,(91,(44,19))),(105,71)),98),(122,(101,74))),(22,((14,129),2)))))))),115),53),(49,((6,126),((((15,54),(112,(113,80))),(46,26)),((75,95),(102,(72,(97,(64,((68,130),(27,(81,(87,(65,((4,7),(40,(28,((((((8,51),(110,34)),24),((((63,99),73),100),45)),70),(57,(13,(((((5,25),((((32,82),108),127),((((20,(111,66)),104),48),9))),121),(107,21)),(31,(69,((58,90),(128,((86,131),(37,(120,(11,((((30,78),(94,(67,(96,(36,((60,76),(124,((((38,77),116),((55,85),41)),35)))))))),50),3)))))))))))))))))))))))))))))),(29,10)),12),62),16),79),106);
	TREE Tree_#_76_simulated_by_Equiprobable_Trees = ((((((((((((((((1,57),49),116),((86,128),(((12,29),45),7))),4),21),19),(31,(71,(((((3,133),(40,((13,38),8))),94),102),(((32,74),41),(((25,(78,((35,68),(73,(123,(30,27)))))),76),(((((37,79),122),93),120),(9,2)))))))),64),(72,17)),100),((75,87),20)),(84,(119,(118,18)))),((81,109),(((((((((((((((6,(125,95)),107),66),(((((((65,91),98),83),99),67),117),(97,(104,(69,55))))),113),11),77),(89,(106,(((58,112),(115,88)),(54,((46,50),(52,(114,((48,51),((43,129),(92,28))))))))))),33),127),110),(63,(((85,103),111),(108,(((105,130),132),(47,(42,((14,62),10)))))))),(((26,(80,53)),59),(((23,(131,39)),(124,(82,44))),(56,(126,(22,(34,((24,96),((36,70),16))))))))),15),5))),(121,((61,90),60))),101);
	TREE Tree_#_77_simulated_by_Equiprobable_Trees = ((((((((((((((((((((((((((1,(111,10)),108),((((((((((27,32),133),109),58),50),132),((75,88),57)),45),44),(118,((74,127),(((26,39),129),(101,20)))))),(123,89)),((16,(119,110)),(((((36,(62,47)),121),40),69),15))),((84,95),(22,((38,93),(28,((((55,112),98),90),((33,(92,35)),(41,(54,(100,21)))))))))),5),(80,73)),113),(52,(85,(((9,14),115),((((7,56),17),128),2))))),99),(94,64)),(70,37)),(53,(67,3))),24),29),91),48),61),107),((96,114),(77,60))),((19,79),(122,((23,87),((((((8,18),103),(78,11)),125),102),(104,(59,(71,(66,4))))))))),46),((42,81),(49,13))),(51,6)),((((((25,(130,(126,120))),(117,105)),43),(97,31)),65),(30,(83,(72,(76,((34,82),(68,(116,(124,(((63,86),(131,106)),12)))))))))));
	TREE Tree_#_78_simulated_by_Equiprobable_Trees = ((((((((((1,95),(104,(102,73))),(13,2)),86),(((11,93),38),(27,(83,(63,(((14,87),65),(((((((((8,42),(34,10)),66),(112,64)),(74,(125,(92,(132,((79,89),55)))))),(123,(29,(127,21)))),(106,50)),24),((99,115),((56,126),(((((((6,((45,97),23)),128),(82,(118,((31,114),(((62,130),78),(58,(111,(77,((40,(98,80)),(121,(71,(90,(88,12))))))))))))),122),(85,54)),48),5)))))))))),94),60),(101,(75,59))),(100,((((17,46),(110,20)),117),((((((((((((7,35),105),61),109),18),67),(119,107)),9),15),36),(133,53)),((((28,41),72),43),((((25,70),108),((81,113),51)),(52,(((26,120),69),(49,(91,(116,(16,(((4,57),(84,(68,(37,32)))),(((((((((19,(39,22)),103),129),(44,33)),(124,47)),131),96),76),3)))))))))))))),30);
	TREE Tree_#_79_simulated_by_Equiprobable_Trees = (((((((((((((((((((((((((((1,(122,(48,39))),(((((32,83),33),73),46),(35,(81,((85,93),17))))),28),119),117),(31,(37,((63,106),(92,(66,(((34,94),109),30))))))),(43,14)),(104,(7,3))),(98,(99,(72,(64,9))))),24),((75,86),44)),60),71),113),21),124),80),36),79),(54,(115,(((13,18),27),((74,84),((38,90),(((((16,105),(((68,89),69),(131,((((67,96),95),129),(59,23))))),77),123),(((52,((78,(132,126)),70)),(118,103)),5)))))))),82),57),((((((((8,61),29),133),47),58),121),((12,((49,65),(120,42))),((((19,100),112),22),(56,11)))),((20,62),4))),101),40),125),(6,((((10,107),(128,(45,(87,(110,26))))),(127,55)),(53,(((15,97),(108,(130,(111,51)))),(116,((25,114),((76,91),((41,(102,88)),(50,2))))))))));
	TREE Tree_#_80_simulated_by_Equiprobable_Trees = ((((((((((((((((1,14),114),(31,(91,(((((50,84),119),((118,121),(89,61))),58),((5,77),(38,(6,(47,((70,71),(29,((95,107),((((((9,((23,80),(41,(115,((54,(124,113)),15))))),(99,96)),(49,((52,60),(126,30)))),25),40),((20,(94,66)),(87,(22,4))))))))))))))),108),((((((((11,93),(72,(123,(128,(92,51))))),86),68),19),102),37),(((88,117),122),(((18,24),(97,(103,33))),((36,98),(81,(((((((8,27),112),(((39,75),(((55,133),82),46)),(44,(69,12)))),21),127),101),(((((32,85),53),125),(109,(110,(57,56)))),(45,(90,2)))))))))),(129,(132,((76,(120,116)),65)))),100),((62,106),43)),((((((10,59),79),(28,(34,13))),105),78),7)),73),(83,(104,(131,48)))),130),(111,42)),((16,74),(26,(17,(35,(63,3)))))),64),67);
	TREE Tree_#_81_simulated_by_Equiprobable_Trees = ((((((((((((((((((((((((((((((((((((1,100),(((37,(115,90)),56),(64,16))),123),(121,49)),(87,30)),18),22),82),74),21),89),48),127),79),4),(((19,(76,26)),(98,((99,102),38))),17)),(67,11)),133),(62,((60,95),25))),59),((71,77),(66,((((54,132),72),83),52)))),70),2),130),23),(((((13,78),(68,((61,65),(32,(((42,(85,(106,((63,124),(125,43))))),94),14))))),81),101),((((51,114),97),86),9))),(107,(44,7))),(33,(93,(35,(105,(15,((28,92),(75,(36,(((40,58),57),(69,(27,(104,((110,111),((((((((10,80),12),(116,113)),91),53),47),108),(((((29,73),45),((50,84),41)),118),(8,(120,(129,((88,131),5)))))))))))))))))))),96),(109,55)),20),103),(126,(112,3))),(((((34,128),119),117),(122,46)),24)),39),(31,6));
	TREE Tree_#_82_simulated_by_Equiprobable_Trees = ((((1,((3,61),(32,((34,78),(114,(((((((((((7,68),(104,90)),119),(30,24)),(110,((((((26,(((100,108),112),85)),94),(118,82)),129),67),22))),42),(89,25)),(59,18)),91),123),(105,(126,(56,(98,(((5,83),(102,(88,(130,14)))),(73,(45,(29,(((((((((((4,96),(35,(132,(77,12)))),(((23,52),27),(97,((21,57),((106,127),(124,16)))))),101),50),109),117),79),((((13,121),31),75),8)),48),((((((((((((20,((60,103),40)),((107,113),65)),(86,66)),55),((84,131),62)),43),120),54),63),(99,(133,58))),51),((111,128),((11,((41,74),38)),(92,(64,(76,((9,(95,(71,((69,(125,(87,70))),53)))),(93,(72,(19,(28,((6,46),(122,(80,(81,((33,44),(36,((((10,(115,49)),116),39),2))))))))))))))))))))))))))))))))),47),17),(37,15));
	TREE Tree_#_83_simulated_by_Equiprobable_Trees = ((((((((((((((((((((1,(108,72)),59),14),90),(((((((((((8,79),121),106),(112,101)),(131,83)),(71,(50,((((((30,(74,42)),(113,(132,67))),(125,(52,(61,34)))),(73,66)),(123,64)),26)))),(97,94)),((((((57,110),85),68),91),98),(105,45))),(102,(((65,99),104),32))),12),(35,5))),9),(56,(17,(20,(60,(38,(((((((23,29),95),(126,43)),51),133),(82,(124,((70,(115,89)),33)))),((103,119),(10,((((((((6,(107,(((((((((16,48),(117,(116,111))),24),88),69),(100,81)),93),114),11))),86),49),109),53),(92,21)),(58,55)),(75,(78,3)))))))))))),2),((7,36),(41,(76,(((22,(80,40)),((62,130),27)),4))))),((15,63),13)),(46,(44,(127,((((25,(54,28)),87),47),19))))),39),96),31),118),(84,(120,(122,18)))),77),128),129),37);
	TREE Tree_#_84_simulated_by_Equiprobable_Trees = (((((((((((((((((((((((((((((((((((((1,(119,(((39,131),(118,(112,(73,72)))),(49,(37,25))))),(132,(108,27))),((44,54),32)),125),(109,(114,(16,(58,(92,(53,(91,(30,(((((42,75),110),((89,(117,97)),65)),99),(52,(23,13)))))))))))),(115,(81,11))),41),45),(57,((((6,84),(14,(((20,122),116),((106,113),(36,8))))),82),(56,(40,(55,(61,(((19,29),98),(((9,64),(129,33)),3))))))))),10),(((((71,130),77),121),105),(111,59))),(66,38)),22),86),104),18),126),102),76),(46,(87,(93,(34,(90,17)))))),69),50),103),47),48),(((((24,35),124),95),(85,70)),(101,(79,(100,21))))),(94,((31,67),26))),88),83),7),((78,133),63)),68),127),123),96),(128,(60,(62,(51,((((((4,15),43),(74,5)),12),(120,(107,80))),2)))))),28);
	TREE Tree_#_85_simulated_by_Equiprobable_Trees = ((((((((((((((((((1,19),(99,22)),25),91),((((((((9,(110,(40,21))),31),((49,101),16)),(109,(133,46))),(17,(((48,88),128),(75,(103,((67,94),(41,((58,61),(115,(35,((15,108),(116,(121,((55,79),(100,((44,(90,77)),(14,(95,((53,65),((((23,66),81),83),(((37,((84,127),((57,124),45))),130),12))))))))))))))))))))),59),47),(24,(((8,104),11),((((29,56),112),(((86,131),89),((73,82),((32,71),30)))),(114,7)))))),(51,((62,111),(87,(102,(6,((10,(39,(34,(126,(((50,120),60),(36,18)))))),(122,5)))))))),(93,((76,92),(70,(52,(43,(54,(28,26)))))))),119),72),(74,(118,(106,(97,((((((27,78),80),42),(129,125)),69),(85,(113,3)))))))),(107,98)),(132,(64,38))),33),4),(20,(68,13))),2),(117,63)),((105,123),96));
	TREE Tree_#_86_simulated_by_Equiprobable_Trees = ((((((((((((((1,((58,(120,73)),56)),60),((5,(71,32)),(43,(((4,(45,(102,(51,10)))),33),(127,2))))),(40,((79,82),11))),39),(94,(122,(67,36)))),113),76),(38,(57,((8,(123,(75,22))),((14,(117,78)),((89,93),(((74,77),119),((((13,131),31),54),(132,((96,109),(104,(99,(46,(((((((((((6,16),64),35),34),(130,70)),83),29),(108,18)),9),133),(63,(115,(84,(((((15,59),(125,(110,(88,30)))),27),(101,65)),((42,((87,91),86)),(19,(37,(114,(48,((53,(107,81)),(21,(80,((50,98),(111,(97,((((12,(85,(49,(103,(26,((66,95),(100,(106,(92,(129,25)))))))))),20),(90,(47,(121,(126,(118,(24,17))))))),(124,3))))))))))))))))))))))))))))))),(116,((69,72),61))),(112,44)),(128,((23,41),(105,(52,7))))),55),(62,(68,28)));
	TREE Tree_#_87_simulated_by_Equiprobable_Trees = (((((((1,((81,128),(125,(48,(((((19,55),91),79),(118,35)),(129,(14,(((22,110),64),(98,(36,(12,((59,74),(((8,(((((60,(112,69)),82),((120,127),102)),71),32)),(((51,57),124),23)),(((((34,114),93),(132,(107,41))),(105,80)),(90,(10,(53,((29,95),(((((((((((((9,(33,18)),(122,106)),(113,26)),28),(((((21,49),45),(62,(100,((46,(117,(78,52))),24)))),116),13)),(((((16,47),(70,(121,((((42,61),119),66),(76,40))))),130),39),(67,15))),11),(104,44)),68),109),(126,96)),25),7))))))))))))))))))),(((17,83),89),(92,(((30,((77,115),(131,(75,65)))),54),3)))),58),73),(101,72)),(63,(103,(37,((84,94),(99,(88,(56,(((((4,50),38),20),97),((85,111),((((((5,(43,6)),(123,31)),133),27),(108,86)),2))))))))))),87);
	TREE Tree_#_88_simulated_by_Equiprobable_Trees = (((((((((((((1,(46,(79,40))),(84,(116,58))),(119,(33,((((12,(61,(83,(16,(66,(98,(22,(21,(34,(78,(44,14))))))))))),(94,(((35,113),82),(((25,(97,(37,((64,87),31)))),(((77,129),115),52)),(51,((56,(124,72)),20)))))),53),(90,(((((5,118),(85,26)),(48,(60,23))),((30,(103,38)),(((((((28,69),(125,29)),127),133),(((50,114),88),36)),((41,55),39)),(76,(130,(70,(19,9))))))),(112,(62,(45,(63,(47,((6,96),(((((((((4,(110,101)),131),(102,100)),107),117),(89,27)),95),17),2))))))))))))),(99,(59,(43,8)))),108),24),(126,(42,(11,10)))),(104,(91,(121,(18,((93,109),7)))))),106),(122,(32,(123,((54,(75,67)),(((13,105),(((57,71),128),15)),(92,(86,(65,(73,3)))))))))),111),120),(74,(((68,132),(81,80)),49)));
	TREE Tree_#_89_simulated_by_Equiprobable_Trees = ((((((((((1,(114,(127,89))),74),(80,20)),(58,(((((((((((((((((((7,130),113),22),((78,107),((48,120),30))),(99,(61,39))),(56,10)),117),(((53,106),108),18)),21),112),(34,(40,24))),101),11),44),(131,12)),(15,13)),41),126),2))),(93,84)),(8,(92,((43,45),((((((((14,(100,50)),91),(90,52)),(77,(119,(73,(62,55))))),128),95),(133,(76,(116,72)))),(((31,(115,98)),(70,(59,46))),((33,111),(17,(6,(28,((27,88),(109,((38,105),(((((((32,86),124),(104,69)),94),37),66),(60,((9,87),(54,(23,(47,(16,(64,(25,(((((5,(132,97)),((81,123),(129,26))),96),125),(((75,122),83),(121,(((19,(57,((85,103),((((36,68),71),51),(67,(65,(79,(63,35)))))))),(110,(118,49))),(42,4))))))))))))))))))))))))))),82),102),3),29);
	TREE Tree_#_90_simulated_by_Equiprobable_Trees = (((((((((((((((((((((1,(121,(27,20))),((22,57),(12,(103,(77,11))))),48),29),(104,88)),64),91),36),16),99),7),(31,5)),(17,((((21,114),133),72),(50,(((((((((24,54),116),26),86),(70,56)),90),(98,(81,61))),74),(101,(106,(118,(131,(87,(15,6))))))))))),(95,(107,(117,(((((((((4,58),(128,37)),28),(105,(68,(39,(111,(34,8)))))),69),(67,(124,((25,46),(127,((43,(120,((75,102),51))),(44,19))))))),((66,(126,(110,(112,(84,(92,80)))))),40)),(113,(53,18))),((45,122),(62,(((73,94),100),((((((10,(89,((52,119),((60,109),42)))),(65,(76,(59,55)))),(115,38)),32),(125,(97,(85,((49,96),(78,41)))))),((13,129),(30,(35,(63,(93,(79,(((23,71),33),3)))))))))))))))),(83,82)),123),2),9),(132,130)),14),(108,47));
	TREE Tree_#_91_simulated_by_Equiprobable_Trees = (((((((1,(116,(22,((39,127),(76,(25,(118,((43,78),(30,(122,((54,99),(73,((34,102),(130,(121,(85,(42,((((53,101),129),60),(40,(91,20)))))))))))))))))))),((((((23,29),35),(41,24)),84),48),(106,(19,(57,((((17,28),82),(98,(44,26))),(61,(59,10)))))))),21),(72,(36,(75,((79,111),(((((((((((((4,(96,27)),(110,((62,104),((9,(107,92)),(120,(((8,(87,18)),125),5)))))),52),47),(67,50)),31),(((13,55),14),7)),86),97),(123,100)),11),(88,51)),(77,(113,(3,(103,(70,(114,(58,((((((((6,(37,(68,(112,((93,95),(89,16)))))),105),65),((108,(132,115)),(109,94))),49),(71,66)),(133,12)),((90,117),(80,((74,(131,119)),((((38,69),81),83),2)))))))))))))))))),126),(((((((32,63),(128,56)),64),124),33),45),15)),46);
	TREE Tree_#_92_simulated_by_Equiprobable_Trees = ((((((((((((((((1,((117,131),44)),106),20),63),96),(129,37)),(123,112)),71),(59,((57,73),(86,((16,30),(121,(((35,122),(120,46)),(((((((((4,111),(113,(118,110))),(127,115)),89),72),((14,116),(114,((((13,69),68),80),((85,109),((82,93),(19,11))))))),(((74,107),101),((22,132),17))),28),(9,(40,((((3,(97,(128,(70,(52,38))))),53),126),(21,((61,87),(60,(((((((6,(100,94)),((54,77),50)),(43,41)),((((39,103),119),51),26)),124),7),(104,((((((8,12),(105,66)),((45,62),(65,(75,(133,(33,((56,(91,88)),32))))))),47),24),(((27,64),84),(18,(67,(((((((((5,23),(34,(36,((42,(76,58)),(78,(95,(130,25))))))),31),15),(98,(55,10))),92),(90,(81,49))),48),2))))))))))))))))))))),29),99),102),108),125),79),83);
	TREE Tree_#_93_simulated_by_Equiprobable_Trees = ((((((((((((((((((((((1,(111,((74,76),((60,123),3)))),(11,(121,(116,((87,112),(105,((((((8,(73,((13,(119,41)),(93,9)))),132),((102,110),68)),34),82),((((((((((((((((6,79),((83,(106,(130,103))),(122,(((((54,61),65),63),120),40)))),52),118),57),33),(53,39)),89),109),45),24),((58,84),(113,25))),((27,(108,35)),(30,17))),55),(115,(99,21))),(62,2))))))))),46),128),((75,81),71)),44),29),((49,(66,(88,56))),(((28,101),104),(38,(((((7,97),95),15),92),((37,59),(48,(80,(((18,77),107),(114,4)))))))))),(64,(((((((12,51),94),20),72),(91,(129,(100,(47,42))))),(126,90)),(36,((14,117),(70,(((98,124),131),5))))))),((19,22),10)),96),67),26),127),(78,43)),(23,16)),32),85),(69,31)),86),(133,50)),125);
	TREE Tree_#_94_simulated_by_Equiprobable_Trees = ((((((((((((((((((1,(27,(75,(107,(((77,132),113),(131,(((9,84),13),(83,(((29,87),95),((((10,(97,(50,(90,(((((((17,(38,19)),((68,93),(129,(127,42)))),26),25),(81,(53,(41,36)))),114),11))))),(124,63)),85),((57,88),6))))))))))),118),52),(92,(31,(23,(69,((51,((109,112),94)),((21,71),(14,(89,7))))))))),(65,5)),(78,(70,15))),43),18),116),((16,56),((((((4,(110,86)),30),32),8),(105,(((((67,(130,125)),120),104),((128,133),79)),58))),((((((((((12,20),76),28),(111,62)),(74,(99,39))),117),(34,((60,(106,(102,((100,123),80)))),33))),47),40),(122,((((48,72),(119,54)),66),((91,121),((35,46),((64,96),3))))))))),((73,126),(55,(103,((59,(108,61)),49))))),2),82),45),44),101),(115,98)),(37,(24,22)));
	TREE Tree_#_95_simulated_by_Equiprobable_Trees = ((((((((((((((((((((((((((((((((((((((((((1,(76,((95,100),14))),60),(23,5)),122),(68,(55,10))),48),67),(30,(99,(133,9)))),44),32),(36,17)),(97,(112,(71,(73,50))))),(70,(((81,115),94),42))),(35,(132,((78,106),26)))),46),28),(114,51)),7),(75,(128,33))),47),(((24,85),131),8)),130),77),(49,((11,127),(54,(57,(80,(119,(98,(87,(4,(69,(16,((110,116),(107,((37,79),((29,(124,43)),(123,(39,(121,(62,2)))))))))))))))))))),105),117),118),((((21,91),88),(89,59)),19)),74),(126,111)),(125,((20,84),(83,(96,(102,(86,(41,(25,18))))))))),27),(82,34)),(((((6,58),56),(120,113)),(104,65)),(101,3))),(93,((61,72),(52,(53,12))))),109),13),(108,40)),45),(((63,90),66),((92,103),15))),31),(38,((64,129),22)));
	TREE Tree_#_96_simulated_by_Equiprobable_Trees = ((((((1,54),107),(133,56)),23),((7,(71,(51,46))),(111,((79,93),(57,((((((((((((((((((3,30),87),112),32),(126,((((41,96),116),110),35))),106),10),130),(60,(45,4))),(97,5)),68),(((47,82),74),14)),(40,(59,(122,((31,128),(16,(42,11))))))),19),(48,((33,77),((65,94),(117,((103,119),(44,(36,((38,109),(88,((((((20,73),76),(108,101)),64),132),((9,((50,((81,127),72)),((21,(124,((((24,(105,((102,131),(92,90)))),120),114),((25,(((75,129),98),26)),(((((37,(123,(104,84))),61),(99,(85,(118,83)))),39),(52,(78,(49,22)))))))),(70,12)))),((((((((18,34),115),113),(125,89)),80),62),86),(95,((8,55),(((28,100),58),(((((13,29),(69,67)),17),15),(91,(((63,66),121),6))))))))))))))))))),27),43),2)))))),53);
	TREE Tree_#_97_simulated_by_Equiprobable_Trees = ((((((((((((((1,(52,(79,(((5,16),(90,(50,(57,(105,39))))),(34,(129,((60,124),((((((((((((13,108),(107,(127,(112,(118,92))))),(((54,116),77),20)),53),67),128),75),51),32),29),14),(120,(17,(62,3))))))))))),111),(119,49)),(61,((((((((((7,93),132),(33,28)),(94,78)),(121,56)),130),(((40,76),81),((84,133),25))),27),10),(44,((46,(((91,117),131),(113,(101,(85,83))))),6))))),88),(74,(11,(24,(69,((((((((((((8,80),82),15),38),43),125),86),(41,37)),(((((21,115),68),102),73),(106,((64,114),((70,(109,71)),19))))),87),(123,97)),((((((((9,(104,(63,58))),(110,(26,(30,((35,96),(22,(47,18))))))),(126,72)),55),59),31),65),2))))))),122),((48,100),4)),95),(66,36)),(89,(42,12))),(103,98)),45),(99,23));
	TREE Tree_#_98_simulated_by_Equiprobable_Trees = ((((((((((((((((1,63),86),46),((92,95),((53,(128,57)),22))),21),105),85),(((96,108),113),((((((((10,43),48),121),115),34),65),(101,44)),(100,(102,6))))),33),77),(((79,122),104),(56,(39,((30,(55,(75,50))),(127,(24,((19,31),(((12,((((((58,80),68),(133,82)),106),119),(125,42))),(87,(69,((98,99),36)))),(((((((((8,129),112),131),(23,(118,18))),109),73),97),83),(71,(((((32,(126,67)),37),114),((((64,89),84),124),54)),((7,29),((5,(49,27)),(72,(103,(25,((81,116),(35,(((9,(61,(90,(62,52)))),((((((15,120),40),(130,59)),16),78),(20,(((((28,132),45),51),91),13)))),((17,26),3))))))))))))))))))))),((11,107),(66,(((((((14,110),38),(117,(93,76))),60),111),88),2)))),47),41),4),(((74,123),94),70));
	TREE Tree_#_99_simulated_by_Equiprobable_Trees = (((((((((((((((((((((((((1,(((49,116),(119,64)),(75,(51,(41,(54,(91,((68,(((108,126),110),(121,(106,76)))),(40,(131,(56,(43,(73,((66,85),11)))))))))))))),132),104),100),(53,(133,(101,(((24,78),60),(9,(15,((((4,(105,20)),107),93),((((((32,94),(118,103)),(95,87)),(117,34)),55),((((10,(52,(45,25))),(102,98)),129),(((14,(59,27)),81),(47,(37,(13,(31,3))))))))))))))),(6,(((((((((((33,86),(74,71)),44),(128,83)),123),62),63),113),(84,(80,67))),130),(127,(29,2))))),38),57),16),122),(((((21,111),(72,(69,42))),39),35),(115,7))),(97,(89,(58,18)))),125),46),19),48),96),(36,22)),124),28),((30,77),(99,(82,(65,(112,23)))))),26),(((((12,50),109),79),(88,61)),(90,(17,((8,(92,70)),5))))),114),120);
	TREE Tree_#_100_simulated_by_Equiprobable_Trees = (((((((((((((((((((((((1,(103,(33,(((30,(127,101)),93),(108,(((16,23),(95,42)),(69,(125,(102,(14,(((((24,83),(67,(97,57))),60),66),(8,6)))))))))))),(47,(41,35))),(117,((7,((((18,90),112),49),(31,((34,106),13)))),(99,4)))),((((37,70),40),115),36)),((124,132),109)),(86,(89,((9,84),(19,(27,3)))))),(104,((29,38),10))),88),81),20),92),(((64,121),119),48)),(63,(44,(77,(43,(122,(74,(((54,123),62),(94,(12,(110,(((51,(76,(79,61))),((111,128),(130,56))),(((53,131),71),(((((28,133),72),80),(68,(107,(120,65)))),2)))))))))))))),58),((98,129),59)),118),(105,((73,(87,(78,75))),(26,((((11,(100,(((22,(91,45)),96),(55,(39,((25,46),(32,(126,17)))))))),50),116),5))))),85),114),(113,15)),52),82),21);
END;

